356
330
1060
3387
413
2214
5043
1459
151
958
1471
363
398
417
949
416
414
417
2787
132
4743
1406
2279
3191
887
8942
340
3721
703
6538
2029
3632
4517
2804
3075
6892
1637
1851
2159
3745
9228
3928
9044
9102
4039
9268
9112
4033
5613
8990
6236
1856
9270
5192
9264
5879
2482
3928
9204
6290
6336
3833
3070
143
2269
363
2636
774
416
356
389
1683
3658
352
135
1858
417
3529
2484
404
3753
2061
6392
5900
2092
6358
3149
6024
3773
5965
416
3594
5209
1466
1451
5216
1422
1352
356
343
5446
9108
5358
4001
3927
8294
6254
5000
9542
3025
3947
8652
2618
5358
9266
3734
8798
8830
9512
7165
920
155
1706
413
1507
366
4900
774
149
942
2766
348
3864
5891
1540
140
940
4352
400
5601
2215
2721
1728
5621
8650
5209
403
3191
2106
1030
3891
6952
3954
398
4055
1984
306
5580
9370
3143
5547
5154
9502
9384
5895
6303
9030
9284
5505
6369
9738
4535
5496
8996
9422
3279
5276
6091
9480
6031
3793
302
136
3756
401
397
155
2266
417
160
415
132
3237
417
402
402
1950
139
1942
8792
2251
989
3323
3677
2223
333
6358
3687
4010
2030
2328
1424
5185
7082
8604
4504
2079
1966
2305
3120
9036
3426
3702
6674
4932
3645
6925
5888
6971
3943
9280
3508
8864
9252
9472
6277
9202
9478
9624
3890
3897
307
3811
4251
375
344
405
403
2218
159
414
413
360
411
154
417
4997
318
3807
3022
3891
3835
2944
392
1680
1286
3853
2085
351
5207
1583
4207
3839
1456
2641
3651
4781
9296
8680
932
9382
6205
9078
6576
9224
9214
5396
8932
5792
3817
2202
4962
5041
3045
9170
6524
9198
9448
9540
5667
382
934
355
361
6812
1438
3669
353
354
3360
3524
363
362
351
396
937
9310
150
800
150
3169
3731
3486
8578
6142
5997
8814
1614
6076
3169
1899
3298
5813
3578
3429
5282
2213
357
894
2018
5172
9242
6223
9242
7220
2075
9088
7264
5399
9140
9082
7437
9210
5218
6004
7214
3676
6184
5359
5381
3829
340
386
361
1386
387
725
404
417
160
358
416
412
417
416
934
417
415
914
2287
3826
5919
3409
3396
3836
5279
3072
6917
3006
1884
1621
2288
1454
1925
9190
9000
6593
2421
3076
2128
4885
9194
9750
9264
5188
5396
1434
5787
2159
8848
9728
4256
9326
8864
2765
3721
4696
9068
9136
9414
5013
3968
135
408
5415
323
417
2885
153
3571
410
8686
402
408
155
334
347
157
398
344
8910
932
1774
4188
1473
6662
3601
3821
3941
3850
356
1397
926
1750
9274
3850
9046
352
922
3154
9144
9410
9250
5770
9184
5703
5078
8974
9478
9162
9206
9150
9290
9174
9680
9382
9072
5384
6267
6071
5270
1506
158
1918
405
358
1031
9076
5836
6094
1721
410
3537
395
330
118
1735
4409
2383
2651
1918
3370
6544
8582
3782
1687
6870
1466
406
1084
6717
8762
3693
3979
4354
5424
1419
1969
709
8750
3981
6818
9008
8862
9112
9180
9086
6193
9044
9124
6944
5045
5221
9184
2269
8666
4869
9106
8830
6321
3216
335
414
406
1629
415
417
148
412
1557
399
148
3597
152
398
352
4820
361
3693
1663
3760
3913
3216
5013
3266
5411
3022
2268
9164
1385
3129
3738
3507
3771
2791
1558
3728
331
6006
8820
5530
6098
9316
7022
9380
9472
9606
9580
9440
7054
3903
3881
9308
7179
5435
9330
5219
6045
7264
7261
417
384
403
403
1567
344
417
408
351
358
415
5283
2453
941
2951
414
6586
1619
378
4494
1406
4965
6503
4777
1620
356
1787
1576
898
5893
3688
3743
417
2146
2223
5738
5303
2397
714
3849
9158
9210
6628
9776
9354
8916
1639
9258
9120
9486
7272
6131
9336
3479
6085
5857
9762
3747
9412
4808
7088
138
149
1415
6657
1296
4464
3731
1800
3169
3419
1609
3916
3829
1451
156
6053
2209
386
1003
2268
2360
344
5707
3933
3160
5993
2499
6862
3718
2352
2217
3903
3686
3860
3810
5770
759
1452
3667
9104
9168
6816
8824
9552
6936
3564
9178
9374
6388
7100
9508
9538
9214
9076
6143
7117
6828
9148
6234
2229
370
412
1367
7146
915
408
413
150
6670
417
415
3363
2021
860
3726
402
358
6122
4000
6143
6989
7313
2228
2091
3806
3872
8990
5035
3846
9378
8730
5936
8788
3944
6801
3635
8932
417
1957
7194
9442
9202
9158
9426
3853
6072
5069
6802
4572
3973
9242
2046
9288
6065
9576
2340
3243
9214
9366
973
396
341
2114
2646
3789
140
1765
9204
8864
338
344
348
1763
3148
389
392
1502
1695
3004
6298
3288
5168
1714
5933
2717
3470
2050
3101
1894
9092
3596
7082
3901
3183
4577
3596
929
4796
3773
9370
2171
9172
7074
5315
6738
8998
6532
8742
7103
6257
5880
6003
3828
9044
4924
3696
6168
5025
3918
1525
2034
5591
3915
9448
371
378
3751
1697
3835
382
406
412
150
395
998
412
2048
406
403
3879
2456
1596
2434
6213
3501
3058
5213
1344
2244
2226
6562
3636
3675
9072
4992
3837
5241
3561
958
3863
2792
9334
9332
9298
9156
5270
5501
8784
2123
7267
8778
5258
8806
9330
9280
9332
9370
6119
9136
1678
2366
128
412
415
2108
9198
3615
1646
1655
9142
403
375
1595
987
2397
2120
141
1590
1641
6799
3918
9286
1623
5710
6995
1742
8940
6995
3896
1296
4905
1683
919
3705
3480
2079
6306
1425
921
5073
8998
9296
9072
8686
5081
9584
9046
9340
9218
9162
8948
1617
6162
6594
6321
5157
6484
9514
9264
394
1440
404
2877
3695
404
153
157
341
3482
971
94
2346
417
8874
1617
935
158
845
9068
3772
3186
3677
3912
1416
3552
1598
3613
2012
9142
3115
6674
6691
2940
5302
6260
4811
3753
1712
6174
3657
6810
5248
9426
6309
9162
4983
2350
7196
8740
5211
9158
9126
5221
9220
6775
9198
9176
9272
9100
398
3870
6863
935
417
1978
1529
1511
2378
383
3326
406
399
4894
3727
134
2041
134
1508
417
6712
4869
3771
2337
1491
1895
2098
3956
354
3817
7195
1982
8996
2014
5797
5425
5117
6225
400
6141
7341
6778
9134
8974
3698
9484
9088
9510
6248
9326
9492
3626
9510
6353
5045
2530
9278
9108
9378
8928
120
1952
3819
363
156
3784
3763
408
386
5987
946
414
3862
406
1033
112
413
967
6698
411
3974
3833
1671
4480
3954
8988
3800
3711
1609
5180
4565
3694
1996
3603
2387
1488
2103
6143
1340
3803
5875
6065
8952
3218
5967
9000
3283
3924
4454
6110
5141
9578
9404
6726
8844
9082
1008
5744
9212
8748
1563
955
1505
125
6201
415
3644
406
3442
3874
136
5239
4168
4931
149
5356
3934
5495
138
2080
2448
3333
708
3647
1758
1614
3118
1009
3924
5151
8576
978
6224
2044
8826
6291
2913
842
387
6099
995
9274
9486
2306
8996
9524
9326
8968
6107
9284
9412
9434
5115
9010
8834
9108
3949
9400
9434
6741
1869
5110
969
412
1984
415
159
363
362
156
354
388
413
413
157
160
400
3864
1534
126
5052
1959
1399
5050
2247
3773
1663
2014
2848
6255
5184
8978
5017
9206
4889
8706
4428
3226
3495
5140
5058
5991
3469
5474
9320
9348
3834
6172
3782
9202
9424
9094
9018
7216
2393
6687
9132
9444
1563
5391
395
858
123
354
405
402
407
5700
406
3874
3859
413
145
409
1542
938
408
405
410
417
3979
5241
4461
8910
6158
961
935
3201
309
356
1754
5372
6247
2738
8754
2239
1662
5144
1411
6277
4887
9368
6018
9164
5920
9356
8712
9166
8872
9170
9236
4990
7073
3826
6339
9216
5949
2829
8816
3893
9174
2370
407
3894
5459
358
3492
414
349
2430
1489
132
715
408
417
2419
397
6790
4447
3820
5436
6148
3667
8782
360
5613
1747
5574
3777
3619
1833
2601
1529
1680
1388
5220
1740
9388
2357
3126
9198
3657
9106
5968
7237
9454
5356
9342
9586
9186
2058
9380
3184
4912
9460
6161
9190
9410
9292
9012
2005
1602
153
152
151
8940
417
3223
135
138
122
412
925
882
9380
157
3992
8704
6350
9204
5113
2848
2094
8828
406
5515
3697
3133
3973
3953
774
1561
5565
3303
6203
5884
3658
9046
3905
8814
5053
9586
9308
9158
6660
9334
5544
9384
9012
9116
8996
6339
6405
7190
6574
6741
9342
6056
5294
8852
3870
6791
3818
3523
3778
1677
2237
407
362
408
6040
939
417
905
3849
404
1468
3003
1571
928
6778
1590
3677
5960
6842
4881
3497
6963
3488
5375
5481
3586
3816
327
5299
3919
9216
2474
404
8746
6011
9172
9504
6865
9268
5065
9320
8998
6266
9308
9212
9130
6910
9224
4064
9618
7208
6911
8594
9412
3780
955
1625
417
389
1595
1976
400
5189
3650
415
1962
1622
1642
396
417
360
344
4393
5505
412
5404
5430
8524
2406
8982
6241
8908
2481
343
375
3941
3908
1767
5518
5508
1025
9064
3817
2008
7262
3913
9382
8994
9536
9388
3873
8642
992
9490
9512
2215
9232
3844
3631
9288
6134
3980
9512
9494
2169
9082
3485
404
815
416
901
3655
1040
132
6131
336
1531
416
8682
397
5974
417
407
8686
6159
5293
5148
8634
2506
3766
3850
3657
416
3758
1470
2066
3019
8600
5083
1591
8874
8562
6577
5853
8916
6114
9346
2482
3973
7022
6330
5678
3531
9208
8952
9148
6978
9318
5605
6184
6875
5161
9292
6350
3877
1602
411
407
414
362
412
1682
3805
416
3073
417
410
3815
3170
5996
415
6433
1708
655
3297
945
3051
7039
3352
6116
3335
3112
3873
4134
3730
8964
6379
8864
3774
2086
1966
4620
8856
3760
9292
6985
9474
4995
4066
8892
9430
6742
8816
4032
9284
6853
9588
9406
9554
2069
9062
9562
9524
8916
1749
2158
307
3823
379
410
5886
396
2223
406
906
8448
8472
916
3840
2047
5358
1300
5294
2394
6421
6345
2874
3871
3855
3652
7262
3866
2032
9182
5964
4217
4417
2064
1876
9156
2105
3718
1575
5278
9400
9410
9082
9516
9574
9390
9558
9310
1711
6343
9214
9424
9448
4869
9094
4897
9374
8864
9278
9048
1448
3829
3828
5116
2752
3770
2295
386
130
355
2256
5895
1390
415
2188
3870
3115
5295
9072
132
6190
5149
6836
1947
2311
8390
1773
2110
3480
3697
2372
6009
6811
2389
6003
1604
409
6257
8844
1594
9384
9310
9684
9408
3814
6427
6064
1006
6596
9314
5500
1505
9472
9126
9346
3689
3193
9378
9328
9336
2483
144
4231
3448
3658
2948
8638
6013
402
5633
410
410
1566
3523
9070
6379
9208
6369
918
6750
1347
347
5978
409
2420
5415
1519
4848
3831
802
2146
2070
3228
2177
9192
6239
4028
1581
5479
2504
5302
7168
9188
6698
3926
3401
2074
6156
6488
9368
9538
3808
7010
6497
3808
9130
3936
6252
9380
9142
1625
2077
1577
2150
4410
5976
6271
3839
3800
8960
391
406
938
1321
407
354
139
6434
2489
3918
4716
3179
8960
1456
2114
4879
5167
6338
5742
3881
2139
3184
6389
4016
3372
3881
4051
3739
6702
6008
5091
3616
9054
8708
9354
6363
6554
9232
4052
9362
5647
9218
8598
9286
9550
3910
9064
9152
9276
9350
1812
3708
5002
4006
405
411
698
409
5226
8722
353
416
405
1611
2211
2231
6686
149
6107
417
1373
5331
5125
5215
738
3747
1996
980
3181
3896
5997
408
2322
3953
5299
3895
5517
6159
3293
7047
6050
9494
6360
8868
9348
3842
3480
6341
5108
6511
9222
6064
8978
9534
5136
9210
8950
6408
9426
6356
7172
9042
3857
124
1917
160
407
960
5014
3933
396
3805
759
770
1638
351
8868
1703
3893
9350
5750
5145
2157
2756
1652
402
1725
6334
5255
5793
3841
2809
329
6576
4607
1520
3155
2170
6002
6878
9108
6206
9220
9326
3732
5233
6287
9170
2011
9192
6446
9014
9356
5256
9388
9350
6707
8974
6855
8828
721
355
1622
114
149
4675
156
408
153
138
9012
345
6139
9324
8654
385
2412
5360
416
1412
3780
5572
3897
2326
2193
9052
2962
5437
8828
3222
9334
8902
8806
6105
5911
6948
743
9206
2237
3293
9022
9202
5710
9136
4808
5959
9456
9268
6310
6945
9148
9538
5714
3844
9206
8930
6538
9452
8600
9478
4733
1383
2409
6329
136
6028
353
3944
122
1971
345
414
357
416
2416
373
415
398
5173
347
6479
2861
6070
3876
3741
2420
9140
6567
5219
3179
2024
704
3981
2827
3698
3848
9306
2215
6823
6142
8814
9344
5377
7149
9086
9328
9348
9388
6384
6021
2373
6059
2294
2938
9308
7101
8822
3713
9194
9488
392
3889
3789
1732
5824
5294
2120
945
404
359
2682
5082
353
415
150
408
2982
133
2015
402
9512
8960
4013
8806
2927
8596
3825
2154
1618
5086
5197
3747
1570
5269
4944
2055
5331
5002
5763
2329
5021
1616
9034
4585
9294
7231
6786
9054
9036
3885
9572
9344
8846
9394
3436
3938
9634
7437
7177
9632
405
3791
2213
337
3698
409
2039
3318
382
5749
409
417
399
3707
2920
5187
2187
350
3842
122
400
1517
2053
3200
1669
3719
2812
1702
5971
353
5267
2028
8648
6300
3114
5979
3524
5961
345
1945
5955
9372
3815
8792
8826
5168
6353
9306
9170
6237
6747
9216
9382
3875
9482
9474
5003
7216
6900
4943
1844
408
394
415
6518
156
383
1559
341
1369
2376
7021
407
354
3761
3611
3201
143
412
1606
6995
9124
8996
3220
1031
2085
5993
3893
950
4962
2494
5982
2417
3654
3028
8930
8950
405
6461
4513
9182
9442
9620
9406
8930
7037
9340
4786
9152
9106
6333
6814
6079
9162
8970
9218
3837
9108
3474
9362
1492
1932
409
404
2023
367
5472
5585
408
5434
4977
406
406
1654
8550
162
5214
397
959
5522
3484
3969
2432
340
1696
3757
6102
6123
417
1566
3661
2253
8990
9420
6512
407
3245
3591
1618
6110
6799
9160
9122
3208
9350
9146
6265
3597
6841
3935
9352
5394
6231
3616
9008
9670
5181
3984
5731
6710
2170
399
410
5021
130
9232
2055
2991
1952
1787
3897
1660
5068
145
395
8890
3824
3501
983
412
6036
2942
5116
8884
3815
6703
5788
8944
2329
3927
4718
5106
9070
3912
4787
5266
1708
3767
3376
5114
8952
9174
1984
6084
9208
9138
3834
8816
9294
9316
6941
9100
9178
6838
4836
9054
8948
9216
3850
6249
721
396
1899
417
416
1587
358
1349
3381
417
355
1442
752
9238
9314
1518
137
1430
150
5206
2838
6337
8542
8434
9450
9312
1674
4998
6528
1543
3239
1461
347
2005
6340
9054
3610
4983
3630
3741
9058
7036
9016
8864
9138
9146
3980
9416
8812
8894
9142
9366
6817
5489
8752
9372
8652
9114
5243
6696
321
922
3932
1987
1672
5328
345
395
918
406
408
3683
408
131
3521
417
1627
137
3920
143
8974
353
6318
5147
3425
3868
783
1933
9022
9044
5200
8800
342
2322
5789
2146
3901
5126
3755
6379
5067
8974
3941
9338
9348
9382
9412
6285
9216
9366
9336
9188
9336
9222
9274
3712
9252
6989
9008
8898
409
3743
350
4996
6738
1641
405
407
155
156
2520
939
2120
404
392
412
1026
356
1002
354
882
6124
3502
3388
693
1705
3742
1404
3783
5217
8556
3933
9112
2065
5649
8756
9084
1694
5143
5954
9098
9394
9410
5810
6282
8614
9710
9444
9520
9436
9148
5116
9072
9462
8962
9380
9218
9376
5704
9070
928
409
413
2109
2122
156
1690
3994
137
2002
1953
404
1475
331
3741
6383
154
1383
405
1524
9084
3000
6986
3412
8892
7044
6813
9218
2393
7502
3776
3789
899
6066
5035
2271
3017
3727
8972
359
8758
6954
8894
3788
9068
6840
9052
5886
9724
9196
9444
6680
6563
9264
6179
9474
5589
9088
9248
9134
400
3357
406
396
2580
2036
5649
407
359
3767
145
3716
3785
409
5640
6331
3210
355
353
922
3735
1528
2775
6061
4838
9034
5285
6952
5072
9188
6440
4706
5294
9278
6753
8444
7173
6525
911
2369
9522
5043
4525
5111
9466
3677
8872
5266
9460
5044
9372
9304
9554
6606
8720
9538
6079
5124
9648
9186
331
3833
345
404
157
775
159
349
764
416
152
2103
156
1590
363
2290
146
2162
1844
2818
2326
3286
8976
1615
5720
3728
8642
6678
361
9154
5224
1527
5470
6918
5246
5036
2329
3032
5204
4033
5617
9478
9538
9068
9410
9380
9360
9522
3802
3953
9348
9018
9310
9058
9570
3516
9270
9370
9170
9296
413
1633
1649
405
155
396
157
410
151
398
6441
1631
9234
402
358
6303
385
2366
146
8886
3167
5161
1584
1462
375
5553
5067
2191
6857
9476
5365
3820
6114
8832
6932
3841
4979
5169
388
3957
9296
9152
9208
9334
3831
3698
6805
8976
9244
9488
7007
9404
9338
9134
8812
2285
9590
9482
8756
9418
155
335
413
159
409
406
409
995
4608
412
9528
1496
2249
658
2011
3985
1809
2761
6686
106
4867
3122
6396
3698
3408
3788
5977
1925
9410
9022
3798
3931
6230
9128
1747
695
1933
9036
2188
1473
8990
9290
9224
5179
9344
9458
7148
9456
5125
9218
2508
6307
6749
5212
9204
3913
5456
9130
6158
6380
411
408
154
3748
4898
402
1648
3421
2432
1697
1481
3719
1470
4896
3801
3581
359
157
909
5323
9094
1975
990
379
2440
5308
5311
9166
4995
3863
1955
1440
5828
9092
9084
3956
1724
8886
1351
2300
9064
6520
9346
7039
7154
3756
9212
9320
9276
9090
7097
9314
9168
5015
9350
9244
9206
3858
5077
9402
341
146
164
401
413
876
689
359
404
410
410
2610
922
350
410
408
5997
2979
3190
417
2395
9420
6914
1477
1604
807
3490
5454
3712
7091
3555
2159
8834
8630
5998
859
3816
9042
8842
6341
9672
3768
9324
6688
1556
8890
6363
9130
9342
6898
9434
3283
9668
9436
9552
8916
2216
4445
7216
7302
998
363
2740
1702
3725
417
3841
1626
3599
2465
8468
346
361
417
6197
417
345
4842
346
386
6955
5793
6093
9224
6192
1633
2768
2249
703
3382
5107
4858
8916
3958
2319
350
1652
6016
9152
5640
9354
6250
5339
5939
3927
8858
9278
5236
3903
5332
6289
9514
1004
1628
5017
9362
9234
8970
9386
9452
5797
670
3601
868
3675
2041
4529
8590
2438
905
8874
360
3694
1583
4910
3206
399
2298
417
406
8870
1003
4873
9014
2825
6483
9128
388
940
1714
3315
6327
1671
404
9320
8444
1873
3800
9026
2328
9362
9634
5434
9486
6979
9442
4319
9190
9340
2428
9454
9358
9098
5334
9420
9560
9204
9256
5569
4898
3825
1588
721
132
2986
962
412
344
4161
2357
3828
5449
1986
355
657
1013
343
5093
2328
775
9208
345
8928
5988
1627
4452
4479
6254
9588
347
2449
3245
4389
8898
3062
3687
1703
2705
3705
3828
9186
6808
3648
9008
5470
8834
8718
9486
3022
7070
9216
9050
9058
3166
6976
9156
6264
9664
9294
6319
1640
327
3144
3822
3123
3246
943
1629
157
3771
400
938
416
1479
1446
385
400
2517
410
1577
1961
9500
7167
6010
1986
4114
1703
2256
3917
7251
5151
9460
3434
5082
1933
5273
765
770
4317
385
9436
9370
9224
4267
4107
9370
5198
9182
8918
9372
9216
5527
9592
9224
9082
9634
9386
9350
3960
5565
1563
1645
773
1650
850
1701
1675
7550
406
152
6355
152
1467
1030
408
410
415
939
344
361
2446
5896
8862
2358
3063
6362
357
2985
9088
3700
8838
9174
711
1633
5160
8714
9324
2929
6183
930
9440
3504
9040
9274
3446
9320
8956
5401
9438
9100
5355
6676
9488
3823
8952
9128
6732
4485
9034
9386
1831
417
3663
2290
1421
9064
406
398
8550
412
2152
1817
2806
3162
409
349
9012
1998
417
1488
917
5418
9122
8908
6053
4782
359
3201
2283
9030
5122
2505
958
5866
3315
3852
8650
8806
4923
4055
6204
332
8860
9238
5902
9296
5817
9496
9276
3368
7019
9086
9322
5550
5127
3226
5969
8476
9380
9104
2006
959
9114
2424
2026
2062
3860
6213
5029
4390
2313
159
2818
979
158
3514
3874
1016
137
3928
8856
1932
9290
5250
2144
8862
924
1409
6277
3906
4808
1672
9404
3230
2123
1730
853
4605
350
2225
5327
3438
6223
9316
9398
8890
9296
6799
6790
9202
9256
9372
7525
5183
9478
9650
6829
9124
9448
9444
9050
360
343
3809
158
3882
5414
5929
1702
6228
1688
1641
3875
1609
416
162
411
158
2092
2918
6339
5181
5137
6331
4628
5106
8748
3995
7060
2059
9498
849
9376
9136
4775
3178
8290
417
3628
7278
9102
9702
9132
6856
5251
9140
4520
7047
9566
5516
6361
6281
9384
9508
6958
9446
6924
9022
9372
9490
736
954
415
1867
413
417
406
8672
315
5255
2225
3605
391
3764
5220
3945
397
413
408
1779
2267
6267
2081
8996
6401
7233
1636
4048
6489
3680
2503
1540
2260
5363
5803
3024
9090
1645
5339
2087
3150
6505
9190
9464
9114
9048
9040
9140
6861
6307
9070
9512
5629
9216
9458
6233
9348
6055
9382
4120
5184
1368
342
404
150
1441
416
9084
132
382
969
401
407
874
3950
1681
303
3307
349
9206
1623
3782
3314
5477
4163
2188
6695
8754
5745
2293
3890
1315
3658
5115
5054
8584
5323
3143
3173
5280
9348
9396
9510
9118
9232
9468
9356
3914
6240
9120
9120
9236
6348
9486
9658
9648
5280
9498
9654
9332
2050
8734
8898
878
155
4765
1768
404
413
415
156
154
355
409
156
414
3833
3117
360
417
3762
2952
9110
2207
4215
3605
3669
9100
1887
4210
2339
1727
1472
3801
1734
345
9030
5177
6965
3866
9432
9126
9678
8752
3111
3412
2026
9506
8832
9386
5702
9514
6341
8812
9106
5996
9354
5044
5547
2913
417
157
2293
120
996
332
3101
3089
5763
9092
417
3743
2271
3546
3413
968
416
351
5269
3933
2146
5536
1579
6283
1564
2535
6586
5884
4993
360
7038
357
3846
6322
4651
5143
9232
2898
6163
7016
4441
9090
9144
9662
9430
5226
9408
9314
6300
9408
9256
9468
6296
9424
8966
9386
7222
9310
5052
9108
400
413
411
5200
1345
343
332
407
939
7241
417
2310
389
2952
1527
155
155
3408
3772
417
4725
1433
6585
6742
2443
3893
5940
5165
7187
2270
1326
9096
4966
1633
1744
6629
2352
4228
6801
6622
6336
9248
8994
2193
3974
9138
5933
6968
5843
9116
8998
9388
7251
9274
9234
5367
5396
1433
8988
9090
374
9090
5989
2779
348
405
402
404
7075
1597
8772
412
883
6674
404
926
3462
405
350
1609
343
3338
2059
3259
6395
8874
8674
6506
910
3727
366
1781
2798
3051
7116
3000
4670
5153
3726
360
9126
9162
5450
9054
8888
5886
7012
9118
7087
9084
5424
8996
8952
4894
5218
9426
9294
5230
5314
9430
129
824
1909
153
1720
6225
7173
2376
1759
736
417
2260
4577
7232
415
411
2799
2392
406
411
6378
6861
9006
6193
6045
6818
1992
6886
5992
3952
8932
8982
3959
6604
2481
1692
3801
5832
9434
2175
9324
9364
7272
6704
5255
6591
6754
9570
5252
5482
6338
5612
9462
9450
9126
9394
8972
9184
9394
9150
403
380
401
154
401
3101
2938
388
2467
6681
4068
9008
2099
1446
416
1318
413
1356
3947
6300
6989
9034
3853
4925
8878
2256
2156
3762
9166
9090
8990
5280
8928
9304
9062
2877
921
6858
8946
1447
5611
9346
9186
9010
9424
9378
9008
7221
9288
4077
2491
9168
5061
9250
9198
9106
9302
9356
9442
9470
5368
9158
883
413
6664
8988
408
405
151
5485
6177
2007
399
417
3008
3127
401
417
346
133
2043
6354
932
1524
411
3887
1993
8652
7497
928
9246
3172
3899
5991
9072
3945
6479
7009
3363
3871
9418
9096
9154
6009
8892
6570
3777
9292
9302
9016
6523
8950
9644
9596
9596
9574
8992
9182
4456
5871
6826
5959
3317
1622
8950
3881
3465
1989
2411
412
1273
4663
417
2359
1995
746
135
3596
3745
1683
9570
9014
4953
3858
1556
4477
9062
5867
2989
2288
4805
6366
2171
4685
5537
1622
6351
8568
3803
3079
9432
9446
9320
2436
5301
9456
6656
2292
4288
9354
9176
3943
1701
9226
8576
5626
6175
9614
7179
6379
1651
410
3798
137
410
362
5179
934
8888
5615
153
1693
1538
347
1998
3747
994
413
1972
3710
6905
1910
8890
8996
759
3389
3739
6781
4303
3650
8874
2968
3852
3110
2378
2200
1952
1334
3797
6543
9342
9512
6094
9272
9230
6738
9420
9242
9376
9388
7535
9212
3882
1536
9468
4953
9398
3914
9350
5447
1978
384
385
149
1016
400
1457
2426
2061
158
5175
5609
381
6332
1732
2039
5189
2181
354
1014
6631
2344
356
3172
3807
3679
5193
3748
2816
5887
5716
3646
8812
3302
2413
3853
8826
3657
8934
303
6519
7106
9224
6366
9446
9274
9338
9092
6777
3797
9372
6781
9188
9152
9102
9128
6308
9242
9530
9056
9168
387
1719
132
2649
2144
3825
2479
3861
414
139
1691
4889
4023
3870
3799
804
400
3289
154
3748
2147
2469
9268
3432
5201
5111
6635
2165
1411
5284
9036
906
6446
2033
4843
6786
3891
1024
4942
5128
9246
9390
2894
7159
9310
9386
9542
3734
9240
8946
4985
6095
9490
9602
5438
9068
4494
5650
9330
3550
5251
3854
6219
3718
406
8624
2809
5087
153
6778
9372
156
158
2932
6490
3900
141
5357
8976
4852
5180
8862
7119
785
5150
5575
2212
6367
8872
5779
9032
5414
4969
8450
4746
5508
1411
8940
1985
9358
5071
8980
9132
6183
5014
9296
9232
9246
7118
7152
8938
6346
7070
5140
9400
9668
5399
5438
7059
5913
973
1471
773
411
405
928
3773
2070
8826
310
3681
141
1623
5062
394
5713
3644
356
415
745
2363
987
1626
3853
8868
3980
3467
3145
9070
9074
3803
2138
5832
3724
5616
6605
9028
1663
9290
9326
9520
9858
9282
7092
9346
9266
3897
9644
7020
9040
3681
9364
9178
9318
6961
8904
9354
7024
6512
142
3515
6648
3702
907
3975
6059
8948
417
409
351
407
5002
359
3795
1524
412
4976
1013
3206
6951
9304
8898
5133
8968
9214
3806
6162
4936
5762
5353
1638
7178
363
8594
1641
8846
1887
5949
1429
5640
9180
3905
9294
6158
4600
6388
9190
9664
2364
9242
3836
9032
5927
9402
5465
7077
9100
9410
9178
972
1559
358
6862
6145
5988
402
6362
3983
2237
404
395
3800
417
406
7085
1997
1472
2006
6274
1648
5030
3683
5031
6094
6172
9156
2280
9098
6253
8930
8818
9396
4757
5320
3868
5744
6208
8766
7000
9654
9708
6124
6380
9342
9504
9566
5394
6237
2583
9014
4971
7122
9124
9360
9470
9220
9412
9282
8904
356
381
395
415
405
415
2391
2102
6202
3845
417
3047
5123
1568
417
8672
3368
921
1530
361
8544
6605
8592
9100
1466
4689
363
6077
1730
3658
8778
6661
8874
5991
8924
9274
1024
9158
5844
1324
9350
9096
4932
5206
9234
9072
9372
6602
9170
9214
9444
7246
2860
3669
1450
9228
9254
6660
6740
9274
401
2308
2210
133
2985
407
2074
407
404
1311
8454
1418
121
1819
1598
9002
2011
2377
2163
5377
7082
365
5599
6298
6857
5031
5875
8666
3590
4862
5475
4945
6160
7270
5178
5976
4979
4591
6502
6978
9420
9132
9474
8966
9180
9406
9154
9182
9146
9472
3803
2259
9226
8628
8890
9224
9360
5230
5434
8772
931
2035
1003
360
115
5338
2355
408
6995
417
414
5407
94
1672
386
353
156
1571
4689
396
7113
6750
9094
3895
3910
4959
8616
710
3682
6687
5118
6133
3797
1992
736
838
3467
1512
907
3985
917
7279
9320
8954
3840
6954
9070
9138
8720
9280
9414
3618
9452
9164
4737
9008
9218
2032
6195
5351
3331
8890
6099
1584
1001
1955
1687
9322
3769
2162
412
2014
412
5149
406
5485
415
3615
152
6605
3839
893
3080
6069
3947
2102
5445
1616
3773
9220
5174
9060
4797
6958
6400
1559
8816
5995
8898
5194
7187
9406
2370
8724
9588
6137
7372
5208
9576
9442
9224
9218
9472
9038
7158
2670
7261
3331
9306
9470
157
6109
130
908
3685
688
6016
2145
4878
6359
9130
2964
348
3769
3686
3436
928
1735
6267
353
5379
5122
5811
3013
3115
2010
6356
9002
3423
3189
3343
1697
727
1633
8436
5329
6646
3883
9352
1908
9264
5033
2060
5428
5872
9340
8844
5164
9220
9750
9260
9614
9384
9126
9438
9282
3596
8834
4837
9502
3172
415
2464
416
381
409
417
416
2091
416
960
3089
964
3802
9008
411
1835
159
8644
411
5749
9204
1705
8822
6130
2407
2322
8880
3644
3835
3798
6180
3290
6132
1466
5813
1580
7035
9036
5974
9644
9072
9654
5052
9650
5280
5370
9652
9146
3890
9054
9372
9240
8992
3975
9648
9472
9420
9520
9458
2476
399
2000
2271
1725
396
416
2231
155
1777
407
6316
414
1557
1663
2940
3421
2006
417
409
9356
6146
5168
6023
5034
8930
4263
3686
3700
8898
974
2424
3543
6776
6818
6485
3320
6251
9602
5161
6053
7160
9408
9580
9694
5624
9452
5059
9164
9328
8990
9118
8984
6042
9492
9168
9172
9210
5834
9370
406
334
141
6664
139
136
119
3609
409
6126
411
6207
413
411
154
409
3102
404
363
3397
3631
3735
1785
1523
5404
1956
5019
5925
3007
9254
363
6835
6218
961
9140
8802
3882
3917
8992
9122
9142
9212
9458
9308
9392
5554
9338
9116
9046
6894
9638
9464
9318
5167
9644
9306
4994
9198
9230
3767
3929
409
3849
358
1614
775
1668
417
412
417
1588
3645
414
417
409
363
155
359
415
1527
1622
358
6239
8512
2929
6531
1907
5041
353
8510
8942
3989
1989
4080
759
4590
5293
9070
347
4900
9216
7382
9220
5362
6385
9240
9170
9052
9218
6508
6392
9312
6857
9378
6825
6260
9134
2305
9390
9020
1569
408
404
413
5026
1535
3673
1577
138
134
943
408
3808
125
759
363
2915
375
3283
361
362
9274
2442
2073
8904
4925
3748
4329
8432
8914
5427
9250
1652
5747
364
3823
356
363
6890
4933
9372
5258
7031
9126
8728
9196
6121
6126
8954
6972
9244
9208
4847
3918
9014
3781
9302
6124
9164
9548
340
329
1532
5888
413
2080
135
397
404
134
695
357
355
142
3203
4663
2336
6656
402
406
6033
1634
3760
405
348
6665
2154
2087
6213
3747
5924
381
9080
2286
8672
1706
6565
3317
6310
363
9244
4677
5789
9398
9638
9748
6590
6973
9356
9132
9204
9406
9366
6863
6643
9106
5958
9174
5989
3915
995
363
1023
8676
3640
147
411
360
3881
1771
8964
5347
1951
5583
359
141
3810
411
5639
405
3770
369
351
5627
9010
3711
5214
8826
3404
2037
4913
6297
6054
5849
9402
8910
2642
8974
5956
3134
5309
8950
9338
9558
4938
6285
8938
9312
3628
9656
9208
6249
9408
5017
9468
5363
5952
5433
8934
3986
417
363
417
2667
6032
3774
414
2836
417
405
398
1557
397
3848
415
1558
417
1721
2721
1026
3747
4037
3974
3899
5231
6457
8794
1496
3920
2490
5217
8848
6071
9190
6798
6205
5032
3928
9318
1946
5007
7253
9280
9482
6509
9180
9188
6052
5150
7427
8990
9544
3604
9554
8936
9292
9004
9414
9382
9326
2027
393
3805
404
1690
360
417
6322
2028
414
6034
416
5118
400
3660
1662
417
352
151
156
1959
6836
4661
1681
3050
3915
1457
9458
8626
3874
3664
2862
842
5345
8960
9310
2351
4641
3843
3932
9112
3850
3606
2901
9386
9614
5457
9064
8986
9206
9500
9558
9380
6138
7252
9590
9544
9380
5226
9092
1780
1528
380
774
155
3811
990
3204
2816
138
1642
1000
3708
4740
2103
1498
411
1550
406
1896
906
9174
1737
5356
3092
5733
5112
6591
1452
6373
2007
417
346
6221
6128
1425
1964
3195
4771
4689
6184
5345
9374
9462
3845
9420
1675
9158
9216
9664
3910
9532
3014
9226
6540
5938
3564
2332
6527
9130
362
1333
356
412
1657
1556
1586
1535
156
5200
363
412
2136
1675
414
411
2547
943
415
987
5485
2349
9376
3193
2420
9020
1589
5231
5189
3898
1459
5334
3809
1663
9020
5216
9218
1701
6648
9302
9084
9010
9376
6389
9342
6276
5007
6042
5223
8896
3889
3963
9648
6390
9030
9334
9236
9068
9394
9392
412
403
3716
361
359
409
5106
5221
2044
347
357
361
412
390
416
417
363
391
2511
2267
6058
9132
3856
3891
6209
2276
2445
1365
9314
889
1458
8476
1472
5042
3694
6106
5168
3865
2807
4947
5809
3443
9324
6946
9472
9300
7256
9318
9676
5182
9398
9442
6257
9130
9370
6201
6158
5356
6434
5263
1826
413
410
415
350
415
1622
2085
361
363
417
5091
411
352
2406
1978
1414
3965
3667
5536
5771
8490
6547
3763
5342
1562
4454
8872
9420
1453
6184
6060
8980
9376
6359
3834
6313
8708
5295
2859
9230
8766
3775
6065
8406
8982
9426
9480
9312
7167
4938
3839
9178
9584
6073
6097
9224
9180
8948
6960
5352
977
414
417
411
1069
414
417
151
2789
2473
401
3304
401
416
5081
1496
152
402
417
1327
7123
5877
1797
4844
1505
8696
3230
6346
5197
6851
5216
1592
2224
3593
5399
868
8852
4907
8906
9402
9104
9106
9514
9480
9616
3657
4951
6126
8774
6056
9292
9266
9376
9232
9412
9438
9520
3333
9440
417
416
363
417
415
417
157
361
371
156
410
300
417
2436
399
6197
413
400
361
9238
3857
8954
2200
2290
2153
9064
3730
1524
5136
5118
6830
2100
4953
4791
1434
1390
4000
356
2153
5264
9250
9408
9296
9204
9418
5357
9148
3901
6211
4636
6265
9574
9006
9510
6855
9524
9408
9010
5561
3459
129
408
417
415
1445
3674
414
7146
2360
416
921
145
2975
6168
417
398
416
935
3346
2019
1437
1721
6199
4525
5170
3462
1756
3730
5587
414
3238
3787
9132
4409
3760
3678
2313
5449
989
4875
9240
6736
9502
9320
9554
6379
9214
9202
9286
9180
7129
9546
9306
9386
9242
5204
6184
6057
6045
3762
3308
3446
3590
1460
405
6515
136
121
359
409
400
407
397
412
1470
412
1479
155
5797
348
4719
3475
2833
359
2322
2918
3436
3189
5643
4824
358
6326
3706
5432
5341
3136
916
357
361
3521
2190
6108
3991
6586
9128
6362
6397
3843
9374
9572
6387
9460
3808
2181
9336
9060
9414
4582
2836
9228
1633
3290
1556
154
411
401
2021
346
4046
2095
359
5827
403
4662
399
5902
2261
341
2888
4358
8452
2037
914
5809
6181
3196
4757
3852
9018
2490
3864
6744
3421
5927
2332
1003
5217
3149
1628
3355
9712
3881
6243
7127
8624
6132
6716
9502
3740
5097
6005
5906
5112
6236
8874
9134
9068
3981
9276
6299
1419
4901
120
136
1715
405
417
358
390
361
4273
6050
1953
3979
1697
417
6086
4281
413
157
1665
8964
3668
5300
1999
8880
1707
9268
4351
1627
3789
5230
3354
3954
6023
8948
5888
6057
8966
2064
3069
9124
9484
6225
2104
9424
9542
8812
9406
9370
9288
9468
9562
3493
5700
9424
9196
9620
6349
5134
2223
4939
3885
352
417
399
403
416
1737
408
152
362
412
417
411
416
401
416
408
404
5314
8838
2315
5211
8962
4005
1438
2200
410
3057
3614
5309
7306
3378
4850
3703
3824
9322
9058
1858
9452
8854
6153
5515
4064
6136
8890
6178
6164
9180
9810
9120
9560
7078
9062
9104
9388
9160
9282
7244
2351
140
150
361
6198
417
6169
5364
413
3864
2263
988
404
412
398
359
151
417
415
361
1475
8488
4873
1920
7275
8602
2743
998
1473
3826
8994
1591
3777
5016
5817
2079
8560
3853
4887
4261
9422
9312
9156
6271
9090
9604
5283
9188
6097
9102
9284
3570
9010
9448
6001
9240
9470
8808
6639
9148
126
361
6642
417
417
134
362
3765
404
3134
868
349
3292
128
3522
406
1533
2401
2401
377
1525
2116
3334
1984
1656
3802
3893
4416
2053
3715
3827
3745
3086
5922
6199
3911
9224
3535
9034
3726
9390
9104
9476
9062
9168
3997
3970
9272
9358
9006
9216
6291
9598
4739
9372
8822
9158
9302
5479
8694
338
407
2963
1919
6177
362
4917
402
881
403
1349
1848
412
1008
5893
306
1632
6794
928
150
1931
8684
3902
1391
3948
5317
3162
5217
4042
7033
9152
3128
3781
8740
5285
3720
4616
416
2303
8860
5562
8900
9622
5729
9058
9398
9072
9188
5693
6851
6544
9110
5164
9336
9404
3882
6705
9090
8778
9042
416
417
414
414
408
158
158
400
397
5656
8682
395
2771
3844
1672
400
1017
395
1687
4756
4779
6172
6990
9398
3957
3786
3863
2225
8800
6683
9274
3896
2094
1585
9244
3147
343
9458
3951
1452
9340
9222
9310
9128
6249
5449
9368
9482
9210
9242
5941
6070
9044
6903
9412
9458
9172
9522
9192
9422
1417
347
404
5686
2917
999
5544
3848
417
404
408
3531
1965
2266
1021
410
410
408
2789
2705
5015
3201
9162
6817
5543
2019
1939
3408
1975
9220
4900
2098
5706
3128
3521
6305
9098
5061
9184
3800
9090
9220
8858
2039
6919
9354
9454
9544
9618
9246
9332
9364
9198
9398
9402
9122
4975
9310
3090
9114
6385
1692
6251
417
156
412
160
417
1691
734
401
1991
414
404
349
2007
401
3110
415
775
6491
3941
1445
8902
2788
1886
314
5794
8962
2767
8586
8988
1743
2713
2032
3873
5162
9166
9386
3080
9330
2788
9178
9740
5197
9308
6333
9300
8948
6326
9346
3421
9716
8684
6145
9060
5218
9022
6798
9574
2431
3679
1628
135
410
347
414
398
705
144
4900
395
355
342
8704
3160
1402
353
1500
2601
3592
2905
2851
5563
6321
9024
5479
3726
9352
8908
6276
396
2300
2125
887
3854
3903
6121
4864
6742
9478
9224
3299
3711
8764
9356
9382
9094
8994
9348
9172
9406
5928
9420
9410
9242
9416
9422
9262
9192
401
412
348
9176
2430
417
1495
7120
403
2040
414
416
5999
2466
414
155
1455
2011
1988
417
3065
9006
9116
6148
6170
9314
6385
417
9042
8582
5885
9508
8838
3640
5051
6811
8624
8844
9014
8896
9170
9394
9416
5818
9180
9566
1914
9166
9302
8956
9026
9022
9452
8864
4987
9532
5006
6501
9616
9390
1600
346
3533
407
417
352
351
414
149
394
1622
759
403
150
356
346
4512
396
2016
342
992
2385
5912
3292
3915
1703
9244
6887
6065
5164
9008
2364
8996
4900
352
5187
2161
6811
4309
8896
8996
5223
9162
9492
7311
9586
3914
9738
8982
9280
9434
8864
9248
5395
9038
9114
9194
9224
3897
6891
2071
1627
414
1690
8812
412
3862
368
3044
5026
416
6142
4879
401
4850
1591
345
6519
417
412
1498
6181
3669
8964
5605
6961
3729
6057
5073
5477
2410
3736
3679
3830
5019
1399
3821
1637
6017
9062
6413
9262
7115
9330
9276
6279
9350
6353
9268
3896
9202
8848
9296
9296
4936
9520
6724
9368
9746
5052
1644
397
156
413
415
358
395
1606
1442
154
3856
3830
410
1043
356
8854
1543
3999
8294
397
4974
6068
9058
6830
3018
9012
9074
8994
8828
5705
1987
6487
4247
4439
4414
5189
5050
1651
408
8950
5454
9150
9614
2131
9184
7110
9166
3679
7185
9440
6931
9260
5983
9416
1544
5472
2166
6158
6216
9286
6343
415
416
160
3174
415
417
406
155
362
2008
133
380
7150
404
2414
4344
1992
414
1439
8938
6605
5165
7297
9314
350
4859
3736
775
1672
6683
3737
6862
9078
4811
1019
3609
3590
1518
6682
5051
3925
9352
9036
9244
9052
6672
9020
3428
6321
4035
9544
6757
9326
1681
9290
9116
9032
9400
9548
6488
1532
417
798
416
3827
7134
1929
396
2071
5071
957
1587
2393
2103
156
154
413
154
154
3218
6692
2308
9086
1565
8918
3741
1922
2054
1635
5187
653
342
907
6233
5349
410
4777
5254
4487
5323
3788
9342
9466
9332
6070
6263
9108
9392
9102
9164
9546
5094
9066
6314
9218
9212
6835
9324
5167
405
1906
3730
115
980
403
5328
346
9064
354
1705
921
5290
4345
1955
931
8750
1762
7015
397
2358
8926
8798
3663
2369
2521
397
3977
1771
5064
3547
5026
3487
6752
3210
4027
5506
410
347
1546
5371
8800
9306
5655
6193
2354
8854
7113
3992
9396
9652
6048
9040
9374
8994
9074
9600
9164
1915
3722
414
2235
3532
3823
397
395
2049
141
4758
417
3002
393
343
402
3051
1526
405
416
402
3075
5784
3622
5927
5109
2819
654
5224
4865
8706
4984
3645
953
4008
1668
3898
6710
5216
8748
2776
1407
9300
9356
3204
9444
4901
8896
3702
7392
5370
9536
8916
4762
9192
9490
9166
9026
4038
8866
9004
9266
2051
5229
150
413
390
2994
411
399
2110
400
149
2392
5143
403
402
398
3782
2186
1746
1674
8776
2349
8942
4303
8956
3667
6986
5808
4999
773
5919
3989
1456
2459
3088
6173
3809
8664
3565
5355
9442
9534
5319
9470
9606
9164
9170
5445
9464
6256
9160
6865
9122
9218
6851
9422
9380
9468
7113
9202
403
4953
1616
2290
1524
398
1593
363
3500
3062
417
399
400
5369
1722
348
3002
3710
417
403
3569
9122
5120
6992
9138
9116
2318
1883
2783
350
6236
3087
9306
3745
6231
8990
2782
308
9292
1952
9500
9358
9262
9066
9228
5071
4981
6197
9276
9288
6263
8916
3764
9044
9192
3728
9360
9448
4704
5012
2149
5900
761
156
412
408
363
158
2168
415
410
2839
404
1008
140
403
3787
4912
150
354
4992
2519
3772
351
6388
358
5852
4996
8994
5997
3921
8948
3576
3371
8820
5238
3590
8630
945
5469
3041
9394
6070
9320
9590
3714
9410
8984
4594
9210
9228
9244
9106
9076
9146
9286
8954
9144
9258
9552
3835
403
5438
348
399
2132
6165
3316
146
6640
9090
6493
6295
3350
155
949
6745
6114
1699
348
6232
1956
6327
4060
2493
1564
3775
3718
6768
5411
5077
1935
3748
3721
349
9100
6148
4996
5747
6341
5025
9440
5960
5736
3486
9366
9000
9218
9456
9488
9438
9000
9544
9272
9290
9298
9384
7393
9128
9468
4745
1620
727
415
1461
347
4519
5760
6461
399
3119
9004
300
833
337
410
1408
943
3275
1602
2233
5052
352
3808
4895
4055
5304
6937
4501
1743
7262
936
3732
3856
5137
3642
3692
6978
3809
6155
2510
5325
9584
9072
8934
8922
4901
3467
9434
9104
7184
9506
9458
9470
9044
9396
5382
9356
9508
9166
5298
5183
8488
3854
8634
366
331
409
2356
3482
4743
8914
2301
410
399
5016
349
885
759
143
401
7224
5186
1413
9030
6688
5382
7010
7323
6128
5126
3808
7347
6113
3642
3055
3898
2858
319
5177
9340
9050
9556
9458
9128
4734
8830
9058
9340
6446
9392
9660
9156
8998
5245
9514
9546
9398
9288
8612
382
3877
1465
6174
2914
408
412
156
133
8754
414
2453
749
763
394
5765
412
354
3355
1761
1594
3617
8660
1959
3839
1587
8960
2181
3976
5494
5154
3903
2045
3749
6830
1577
397
9108
3205
2060
5070
9404
3773
6260
9150
9246
9356
8838
9146
9380
6139
6669
6074
5033
9180
9232
9188
9016
5223
6112
3728
8720
9014
414
8770
395
417
4898
773
3957
341
8190
1452
345
3635
2277
1418
414
406
347
1578
9172
8898
5187
8190
376
3789
8938
3622
3410
3682
1620
5343
8898
1468
1781
6956
4941
2097
3785
6194
9294
6748
9270
9444
9294
5577
4389
6389
9136
4928
9296
6152
9270
9378
8734
9454
9406
4306
5363
851
361
867
1614
348
157
911
155
6126
1733
704
2904
377
2233
8516
1906
400
2493
397
8740
360
7377
9348
6018
3406
360
6182
8802
8948
5374
2471
8938
6211
394
8938
5173
1508
1569
1593
349
9074
9560
4257
5429
9252
9382
9512
9482
9326
5608
9458
3661
9506
9342
6698
9508
9214
6997
5908
9748
3480
712
6458
2002
142
1778
411
346
3389
116
3343
387
127
134
2150
6573
3716
402
928
312
3917
3485
1551
6173
7042
8826
1731
3737
2048
6209
5127
8918
358
1366
1924
3704
6046
3598
8920
4687
5522
5955
9496
9174
9292
5645
9328
6046
6603
9206
5043
9524
9306
9468
8866
9510
9048
6172
9122
6237
1623
158
406
153
6017
3761
2072
3920
2014
333
2089
5080
2373
149
3880
1500
386
3821
2108
412
9062
2934
1914
3062
3614
6281
6142
8522
1429
5075
3950
5942
6271
375
9130
4010
5541
6093
3604
3080
1919
3724
9248
9336
5282
9438
8932
9226
9074
3547
9194
9322
5525
9280
9140
9684
9134
9582
7107
9184
2021
2982
144
2129
4592
5933
410
3776
8994
382
3318
3096
2380
149
5677
1962
775
154
155
2318
3976
3699
922
6811
5167
2423
6266
2847
4632
5227
1414
5887
1556
2352
5803
8668
6954
3623
2010
5277
9396
9794
1821
9652
6261
4030
9142
9524
4797
5500
3716
9722
9308
9550
5136
5336
5115
6214
9402
9116
417
412
5817
6957
356
2246
5236
6084
5266
5732
1882
2907
9538
360
885
393
2338
1013
416
155
670
342
3858
4754
5261
4665
3041
8862
8888
3889
3209
6440
4611
3168
3768
3364
5480
4458
3773
3692
9688
9166
9170
9060
7451
4966
7267
9464
9194
9612
9304
9330
9382
9636
9518
9268
7343
9380
9582
956
415
6894
3886
1719
3741
350
416
3102
1618
156
4506
3680
1419
338
8858
8632
402
8170
359
396
7206
8916
3880
6252
934
9062
6038
6917
3752
845
7048
1528
5326
2974
8932
6397
8902
8798
2567
4105
9100
1583
3674
9068
9500
3690
4574
9158
9012
9264
9282
9486
9566
9160
9210
9004
9404
3291
6257
9610
405
6376
397
416
396
414
402
363
417
5292
130
362
155
400
6324
3909
399
400
403
1604
2440
6925
1891
3852
4605
8632
5412
1862
2941
9606
1704
5050
3941
6325
5114
1495
3849
3765
5585
8744
9534
9740
6195
9214
3917
9506
6707
9432
9164
9092
8942
6236
9324
9486
9200
3761
5029
3841
8994
5928
402
2179
3891
5090
302
376
356
3466
134
368
2487
413
4850
3110
5010
292
143
377
3685
1409
9004
5872
5193
984
9210
3906
3808
3015
5092
9140
8876
3609
5075
359
1613
8888
9026
3774
1998
3895
7519
2193
9698
7025
5360
9322
6295
8808
9602
6407
9604
1968
9436
9438
2039
8982
6156
2691
1449
9184
146
1590
5132
407
2380
6526
3601
348
1961
154
3678
146
6195
6036
3728
151
4483
2645
1626
157
6235
2622
9402
8904
1947
2144
6594
9036
3681
6312
1999
1414
1482
8804
2504
5551
9674
721
3596
9110
3819
7222
6367
9140
3475
9222
9122
8766
9606
9408
8942
9236
9130
9092
9112
9208
7096
5154
9284
9138
157
2195
3838
2182
657
5913
8736
906
354
143
8558
3792
3608
5900
6970
3134
8840
1412
372
5820
1999
4907
9388
5685
6404
3896
6869
6196
3794
6114
5133
6921
930
2806
1930
774
368
315
1676
5803
9324
9002
7223
9292
9228
2020
9606
9002
6454
9096
6263
8982
9354
9258
9450
9376
5815
9142
9012
5402
699
3883
156
1457
359
394
148
4878
3064
2337
417
417
9284
360
1577
9168
402
5204
155
414
5531
8684
3797
4999
3886
2446
9544
4974
4774
9068
3893
373
3758
9236
4025
5299
5641
8978
1959
6153
9244
4085
8960
6675
9116
7024
9420
9544
3981
3861
5139
8992
9026
7145
9462
8766
6089
9588
6780
9716
348
403
1946
405
5004
6413
128
992
3931
3749
1775
1638
117
2500
965
1618
1507
384
1935
151
3381
5484
6943
7221
5616
9220
6106
4560
9206
3895
3796
7014
6853
1302
5126
5844
6094
4081
4986
5312
7209
8782
1793
9250
6968
9060
6390
9328
9226
5332
5226
9000
9264
9322
9414
9662
2533
2113
9464
9256
405
410
1417
8788
3673
9220
402
417
407
2142
5063
1553
337
6489
363
3369
895
6026
4953
2251
1986
3893
6640
5672
7306
417
1871
2136
3798
1729
5470
4730
5063
9110
8718
9338
8944
5904
3079
3593
2219
9358
9134
6967
10923
6654
5614
9486
8994
5519
7062
4953
9248
4715
3910
8688
7008
9386
7655
7015
3161
2029
2806
3838
417
2838
415
6777
1736
400
346
137
3648
5485
340
873
2358
8916
368
1675
3816
2349
5466
1382
8942
4308
8826
5963
5290
1921
9184
6627
1421
1667
1653
4312
3975
2350
895
5000
9256
9352
5244
9580
5614
6961
9562
8992
8954
9514
7072
9142
9028
9548
9156
9050
9444
7224
6433
9032
1971
415
8672
3775
5803
8906
155
408
1543
1889
1700
1458
6158
1844
2872
6026
755
1459
414
410
5947
844
6803
3064
4919
1499
3995
9218
3601
6762
6949
6853
9494
3934
3799
9106
2947
4087
9286
6136
8634
9470
9336
9470
5104
9480
1881
9448
3730
9450
9660
9288
9218
9480
7254
9150
9558
8886
6987
9684
3113
6989
7107
2480
417
2519
389
1687
416
2493
1687
399
3148
347
1651
1944
3006
2268
3248
411
2019
4846
2100
363
9114
1706
2037
6144
1782
1453
3206
991
4742
2839
1371
356
1443
5442
9052
5530
6781
9636
8876
4060
8870
9558
9566
9420
1583
2338
7248
9216
3728
8992
6488
9232
9214
9314
9492
6210
4001
2019
3637
5119
726
417
9524
4409
3235
133
411
414
149
357
1021
771
976
352
135
1493
3796
4681
1493
6242
6717
4226
2059
1448
5771
1550
6953
2124
5348
1718
1468
6905
8792
5058
7132
7350
9174
7080
6212
9474
9130
9348
9500
5719
9260
5125
9466
7257
5458
9086
6902
9026
6185
2373
5511
5221
2237
363
1495
417
1587
2332
1931
416
874
9110
2235
5123
1998
3005
6292
3647
362
5674
3851
414
1946
705
8728
3768
8460
3548
8894
5927
5386
6389
5184
5337
5286
6418
2124
8778
350
6414
3020
9056
3372
9144
9604
9474
3997
9472
8968
9104
3973
9654
9540
9278
9452
2322
9448
9164
9596
9392
9274
9412
404
157
3837
127
413
408
130
1970
2348
1621
4044
1983
158
360
365
2409
406
414
416
139
5096
3966
914
3109
1779
8584
5955
2114
3632
6626
6379
3458
966
5829
9072
5227
3135
3859
8782
640
9494
6078
9434
4055
9560
9652
9144
9330
9166
9096
9576
5154
9520
6606
6455
9188
6690
5926
5932
6906
329
378
350
4071
7222
5007
3068
3298
2127
2082
398
3987
1973
416
403
398
915
2254
8928
115
399
2050
1906
1041
9090
5188
3148
3177
3179
2228
354
3919
1451
3615
5652
2005
8968
6746
2861
8928
5939
9536
9162
9332
5112
9046
9416
9332
8916
5051
8696
9118
6259
9602
5828
9532
9490
8870
4964
6575
3581
711
417
370
5722
8840
3716
909
415
154
407
3659
764
398
3960
417
399
4854
417
6070
5714
2612
6267
2447
6895
705
5407
3942
8600
306
5603
8862
361
6011
3764
361
5175
5364
341
8974
9652
9430
9270
9310
3857
8488
9062
7179
3789
9130
9186
2000
7135
7193
6532
5183
8914
8550
9422
9566
5246
413
417
361
362
3753
2756
409
417
1945
402
2344
402
2829
2373
2131
136
132
3738
2253
5197
3672
8654
5119
2035
2447
2088
2362
5310
1399
3604
2835
3261
8846
3213
1913
1620
6181
9308
3566
5467
8992
9172
6150
3621
6050
9402
6088
1566
9298
9384
9504
3886
9292
9108
4724
9312
6463
9484
9506
398
414
385
3779
153
378
394
1568
402
146
401
6149
3934
3763
1442
6230
1460
1745
411
996
2372
5144
4817
9094
1471
6034
8566
5050
3814
4976
6281
1619
8640
4243
757
8742
8754
5316
3575
6127
9426
9038
6661
3879
9370
5870
9142
9288
9140
9458
9066
978
9328
6474
8918
9148
9206
9080
6861
8840
1507
9000
410
401
402
408
415
399
5304
1850
400
413
416
1553
6298
4352
1504
157
157
4260
879
8754
6186
8424
3217
3703
6509
936
365
9050
3182
3876
7100
355
2378
6754
5451
345
5190
2090
5779
9372
9460
9606
8902
6884
9184
6356
9018
9352
9134
3166
9668
9588
6715
6406
3621
8366
4961
9664
3006
8788
348
156
343
358
6936
363
369
5141
154
5878
414
2333
417
3707
402
5189
1687
360
3570
7344
2122
3695
5126
2081
5556
8460
4955
9124
3763
9274
4636
5066
2160
2220
3866
1022
4245
921
9502
6790
8796
9248
9202
9308
3876
7057
6252
9250
9452
9576
9330
9240
9026
7044
9356
8776
8556
8998
158
152
2655
2079
1452
2053
134
2336
3591
410
2389
4552
5534
6765
884
766
370
325
6034
412
8326
2878
2328
5104
4466
2317
2134
5088
2123
6366
8642
5748
5753
6047
6050
1935
891
2173
1442
323
6393
6740
6302
6169
9312
9372
2329
9660
9328
9506
9312
6334
9150
6198
9284
2879
5450
9040
9098
6821
9108
969
3487
153
3962
406
405
2022
417
4861
161
1409
1642
417
1990
408
159
2761
5270
400
3057
6320
2315
4883
2099
8806
2292
977
705
8924
2083
3130
6985
8978
417
1588
8858
5227
6286
6738
9044
9490
6410
9260
9036
4039
8958
3821
6289
9258
5249
8884
9062
9322
9286
6055
9212
9440
5623
3685
3326
417
403
1701
398
403
400
388
885
144
1490
413
151
120
1456
398
959
1651
119
395
1083
9238
6357
356
5015
8920
3400
8430
3892
358
3159
7143
8742
8632
357
1383
8960
6813
3706
5283
8838
1853
9422
9220
9042
9364
9112
6657
9300
9072
5942
9402
5988
6113
9418
9410
8928
7423
9128
5013
6505
407
2783
9086
3156
416
5066
413
6518
9160
363
414
393
6954
5871
376
1518
1545
3787
8798
1710
3117
6070
3785
5902
5908
5897
9336
5235
346
4493
4752
6030
5117
8848
8882
3583
3906
4440
5717
7093
9270
9206
9210
3291
6542
9206
2168
6251
9114
6707
9366
6006
9248
9570
6336
9530
3551
9106
9826
2219
398
3909
415
134
3682
1529
405
415
3405
1696
3212
152
406
3813
8866
3640
6811
404
357
1775
8908
3309
4053
6697
5135
3867
1887
1644
3599
1907
5561
6066
6183
6928
9204
4590
3661
6320
9136
9264
3816
6399
7131
9292
6161
5266
9258
9442
9178
9152
6158
5445
3770
6164
9258
5451
5459
7207
3258
3581
1632
1741
2333
415
357
417
157
405
406
325
151
1702
403
346
400
353
5955
8930
2002
1617
5018
6729
758
919
6198
9174
2932
5360
6806
3672
763
5976
1655
408
343
9158
5975
862
1875
5184
6185
9200
9522
9512
9196
5869
9112
9262
9168
9594
2870
6200
3693
5411
9476
5996
9438
5413
3535
2949
136
87
1871
5680
5088
2078
1937
8750
3707
411
406
388
7198
3690
3428
6507
352
407
359
2677
5244
3701
4644
406
2085
2313
6773
6199
958
6098
1460
5192
6602
1931
3791
6620
3084
5386
3546
9246
8830
5505
9370
6399
9536
5061
6958
9208
9510
6426
6811
5482
9152
9514
9028
9462
3732
6715
9074
387
417
411
361
361
4382
5229
765
410
8918
4936
133
412
379
8946
1865
1635
1461
1896
2105
2935
5095
2240
4915
3704
9008
9002
848
8830
5423
6146
3797
9108
6232
363
8960
6134
1397
5951
1825
9330
6916
9480
7006
8974
9612
6974
7168
6082
9568
9242
5104
6611
9598
9578
9492
3746
9164
9152
5055
2087
1943
414
404
410
1791
1852
5583
131
3727
400
412
2852
355
404
408
9044
903
720
415
2899
3850
2799
4403
2361
310
9158
8938
8590
5039
5182
385
6180
5104
9274
6255
3947
417
350
8840
9094
9168
8702
9236
9426
9324
5039
9312
5979
5291
9334
9812
9658
9080
9034
9568
3900
8804
9258
9506
3683
417
411
8880
1656
371
3564
155
2842
6054
417
2014
409
2062
415
413
3477
150
406
400
6185
6216
2190
2025
6177
1842
3809
2986
4947
6842
9028
6009
5755
3755
5373
5067
6898
9220
2166
3857
6142
9224
5519
9158
9086
9374
9020
9172
7272
9378
5992
7109
9456
9216
9318
9252
9102
8902
9420
9378
1642
1003
403
2083
1472
385
1482
411
2332
2002
3636
404
139
8694
2143
4994
2085
3509
4880
3911
363
6985
1494
2380
6443
3811
2444
8704
2034
3858
346
363
6423
5883
5583
3803
3757
5211
5103
2042
9350
9454
5880
6042
9386
7455
9404
7631
3087
9574
9404
9420
9652
9414
9184
9364
9468
9230
6684
9500
2025
4832
3682
3836
1942
2036
410
415
404
418
378
3685
3837
4659
337
312
149
157
5060
6615
5710
2916
6890
4523
361
3557
3730
1553
3243
6175
1732
2837
2436
6186
1471
3166
9092
3662
4974
1557
9390
8954
2044
3279
8814
9090
9632
9476
6577
5142
9394
6866
9232
9614
9228
7064
9384
5292
5206
3922
1941
409
1640
7707
151
2062
417
5155
416
1939
150
9230
3270
1660
415
4428
9084
361
6305
3946
2446
959
8808
2923
356
3500
2819
4450
326
1389
5910
994
1652
352
3631
1692
4902
6841
3682
6106
9292
9474
9468
9264
9466
9554
5234
9176
5165
4554
9220
9634
6042
6697
5808
5429
9474
9518
3920
5714
915
9086
4837
7298
409
9072
159
5287
5056
1001
399
1570
399
416
2961
5976
154
1614
983
5460
5977
1675
3388
8618
6341
5609
4032
5034
417
6684
8334
1438
5014
5713
3691
3872
6408
6750
4947
403
9702
9074
9070
5184
5569
9400
8668
6721
5163
9128
4550
8910
4569
9466
9416
9348
3053
6156
9138
8896
349
353
1459
861
9254
3523
361
362
409
2024
416
414
391
159
412
9006
3334
412
117
404
8966
5287
936
4037
1034
3922
6100
9104
3183
4881
1958
8740
1701
4751
3610
9088
5077
400
3078
7476
6373
5901
2038
9016
9796
9242
3572
9264
7161
9156
9002
9400
9106
2910
9144
9494
8696
9540
5196
9040
957
416
398
389
7205
881
363
2001
5139
156
342
417
3041
1005
2315
416
344
396
3731
361
5158
2473
5176
3613
9284
2009
3494
4979
359
2442
8344
411
5218
8876
3634
5044
332
968
6755
2459
9126
6599
7364
6307
9250
2012
9532
9340
9426
8838
6841
4994
9356
9448
9264
8916
8980
9158
6555
5739
385
155
154
408
133
395
3366
118
2840
402
414
2050
1616
321
417
398
158
5359
413
412
9042
6134
5229
4745
3665
5001
3687
3431
9236
5666
1448
7220
3798
6247
7049
4901
6504
9336
6377
9016
7177
9152
3772
9116
5058
9356
5947
5252
9394
9288
9144
3593
9344
9096
9562
6090
6253
7019
9386
9450
92
2817
1410
1691
2835
5067
5229
3892
773
336
2292
3921
403
415
411
412
974
413
148
401
5340
3985
1938
4024
9180
9226
5199
3864
6262
3848
8740
3847
3593
5147
6299
5021
6197
3952
8846
5585
7141
9014
9418
6453
9178
9014
5517
9564
6438
9246
9238
9530
2500
9134
7202
9580
6284
2760
9234
9158
363
156
6437
5306
409
1995
9070
1907
8594
345
344
3139
3961
417
4059
90
5306
417
400
5167
408
3804
697
5355
5639
9262
1993
2423
1624
1881
3855
6683
6324
2575
8246
5202
3646
3016
363
6608
9112
1747
9234
5336
9230
9188
9322
5145
9142
5267
9354
9506
7082
9532
8868
8950
9308
9494
8946
9068
402
356
1472
416
4565
401
356
2472
774
400
358
392
1618
398
401
4306
1388
412
410
7159
1400
8842
4601
7458
4251
6385
3232
8810
1700
3950
2238
3988
5133
3786
9208
8900
5502
5632
3757
5129
9174
5377
6336
9310
9518
9200
9380
3575
6058
6053
9180
9604
9010
8874
9150
9028
8850
9462
9372
9378
397
3175
342
3998
415
968
9268
405
408
402
5788
412
400
406
2422
8982
412
8648
413
158
6226
6178
3589
3841
6259
6283
2157
9232
9220
5034
5197
8930
3061
6801
8988
9558
4610
6179
3686
3259
9168
8950
8790
8774
6268
6683
6141
9096
9422
9320
9464
9110
6132
9196
8974
9544
9210
9420
9266
5530
2121
414
2241
5002
1605
400
417
400
128
3135
417
3951
9030
407
396
401
1961
3097
417
401
6848
2038
4777
9012
6986
1745
9076
5974
6254
5322
5083
9200
1659
9136
9154
8746
2223
7032
8918
5979
9528
9576
8910
6373
9596
3863
6681
7150
9144
9482
9380
4999
9066
7122
9454
7050
6470
4979
3922
7258
9126
405
2460
338
417
6663
410
1542
1980
1380
2406
417
6429
399
5824
359
363
1965
1760
412
895
4487
4939
978
3051
361
7032
6762
8726
5799
6712
6872
9310
6038
8980
357
5378
8860
1933
2052
8910
5071
9324
9762
9284
9328
3866
9142
9274
9060
9230
9248
5338
5040
3728
9220
9582
9244
9224
3601
151
400
400
5405
3962
2023
158
322
414
363
405
4935
363
414
409
9156
2350
3033
2421
392
6244
5327
9132
1012
8786
8954
5976
6314
8936
2388
1759
3740
9086
2825
2274
6248
336
9182
6346
2815
4786
9422
1551
9460
9174
9608
9402
5205
4737
6342
9520
9716
1668
5985
6379
3651
9586
9196
4587
9142
4959
9056
417
396
417
414
414
350
415
2100
5251
1842
2346
2168
151
152
402
2752
931
404
4968
1062
5283
6342
3851
3801
8776
7314
8952
1415
8856
3457
5865
3530
2099
8336
2431
7388
8934
3781
5289
9220
6297
2512
6687
9360
5386
9268
9332
9180
9638
6589
4112
5636
9088
8352
9284
9170
6462
9266
5216
9026
410
408
405
417
3062
2094
3414
1696
5609
1758
355
1457
362
417
2950
3605
2158
1417
2011
340
9010
8988
3851
6036
8714
8592
8972
9234
5188
6989
3458
5884
1773
6465
5260
8850
1567
4702
9592
9362
9522
6985
6309
4963
9392
9638
6794
9012
9526
6094
8704
6731
9440
9468
9156
6101
9026
6193
123
1493
344
128
140
1987
149
361
952
871
403
399
413
413
405
1710
6270
2353
110
413
3827
4675
3697
9220
9000
5776
368
5838
98
6077
5959
9046
3661
4840
5192
2179
1020
7179
3769
8926
8848
9274
9576
9444
9484
9574
9464
9538
9452
8970
9258
9110
2439
5955
9436
9338
8766
4706
9248
8978
131
751
157
6859
139
8836
148
145
340
402
389
349
1525
3740
8786
1408
1519
410
410
417
1933
9024
1722
2823
1917
4336
1606
2101
864
3622
6197
3781
5943
9038
4750
5007
3766
2213
6350
1478
8988
5049
9466
9362
9004
9470
9268
9232
9172
9184
1668
8994
9160
9250
9214
5410
9000
9170
9120
7030
133
413
7197
2419
982
402
2990
4140
155
1980
393
2143
3021
3473
1417
412
409
1567
2214
3869
4912
5289
3648
2396
2310
5461
5338
5139
6177
4499
9072
5317
6863
3490
6088
4471
4794
3705
8836
6063
9338
9268
9592
9660
4907
8884
4929
9140
9118
9116
7040
9256
9494
1587
9302
7320
4088
5888
6316
9440
394
400
2130
396
413
417
368
415
2085
409
396
407
347
413
139
403
158
164
417
404
9024
6771
4347
2860
4212
6574
8950
3565
6538
3956
1451
409
4464
5753
2605
9028
4377
6095
6376
5112
9056
9382
9012
9202
8838
8942
3264
9116
9556
9484
9340
9506
9624
6168
9662
3908
9038
9022
9740
9388
417
153
1958
403
368
3603
415
4520
407
392
408
1665
5337
2459
416
5804
5456
4945
7038
1640
4732
6832
2030
397
6706
2392
5009
6582
5274
3138
3084
8966
1985
4712
2176
6400
4933
1952
5522
1979
5984
9532
6078
5325
9106
6922
9144
9438
9152
9474
9454
6202
9498
5132
9562
9010
2767
6331
6042
5533
4811
759
409
408
399
1992
1565
2375
400
2330
4294
759
3603
1423
1470
417
773
1677
360
1992
8400
5947
9108
2366
5336
8890
9142
6202
1622
2438
9038
4900
5009
1458
4552
9022
9046
1823
1413
5844
8940
6887
6841
9702
7185
9028
9428
9136
5470
6115
9286
3835
7358
3891
9446
6008
9316
6708
9536
9378
349
4031
1674
9056
6826
5077
969
1970
2375
5071
1457
360
409
5320
1413
134
8994
4957
336
407
3822
4647
2633
6126
1532
3592
9292
5346
8826
3173
9046
5799
6804
9062
6314
9134
5034
3152
5008
1610
9596
9422
9766
5716
9226
6681
9062
9136
8886
3813
5161
3774
9064
9304
9430
5312
8994
9408
9452
8944
2293
6038
5822
4461
2044
415
3584
8832
1537
417
1686
2919
3775
413
6011
411
369
3861
1933
363
345
4941
3569
304
1555
6150
417
6173
3979
5212
6757
2974
5451
2474
2187
6555
8824
5946
1650
5377
9516
9088
9584
3816
6012
9198
3271
9544
9234
9050
9036
5446
9140
9464
9214
5461
6526
4356
9492
6321
894
321
401
6583
350
864
5127
2417
126
139
403
8538
396
140
403
1774
147
1255
415
1405
3211
3533
1436
5927
3880
2065
2440
2495
5216
2003
352
5099
6528
5794
9098
5015
7098
2935
5091
5460
8866
6651
8742
4838
9058
9364
8866
9202
6395
9358
6366
9346
9124
9056
9554
9212
8988
9346
6940
2030
396
1720
417
153
8920
401
417
412
830
401
2037
356
3048
1719
1594
2055
399
5280
405
5202
6242
5091
6413
2309
6864
5878
4201
721
8856
1975
1482
5363
3651
1970
4983
3541
4681
3720
1634
5014
9250
8968
7260
9324
6419
9200
9102
9642
9040
6740
5994
9640
5342
6509
5629
9334
9194
8800
2807
8978
3586
151
154
151
5140
148
1992
3786
5227
939
3603
133
3911
2484
5212
3602
4732
5971
1564
1945
9328
1962
3708
6176
5410
8936
1388
1683
3597
6688
6042
6054
4449
3230
5564
8952
4874
2019
4943
326
9428
8952
9464
9064
8788
6119
9478
9240
5776
9560
5116
9600
6673
3741
3996
7231
9444
9190
5073
9278
1651
759
415
1463
357
1534
380
383
5912
136
347
3889
137
2199
3623
1389
356
157
417
1444
8888
4858
9082
1455
4337
801
5007
8888
5219
6430
8858
8878
5651
2781
6363
1721
3854
9180
6775
9114
9164
9420
8720
9438
9166
6200
7240
3120
9300
7029
8604
9322
9118
9372
9196
9468
9208
5410
9440
9722
358
1971
408
410
1512
405
417
3679
5017
704
415
4011
147
152
4715
135
408
403
416
1957
5965
5355
3215
5939
8852
8556
5108
3898
8880
6635
2032
6266
6009
8926
362
3872
5139
6323
8752
5616
3849
5951
9430
6477
9398
9318
9022
6861
9432
5971
9356
3680
6267
9670
9636
9494
7389
5234
5065
9394
417
6163
413
353
410
417
412
416
160
5466
7039
1509
5765
1523
2106
417
403
417
7213
4629
3443
6168
3147
3788
1917
3084
874
9128
1515
9106
346
3808
8892
3266
8962
6940
6603
3371
8736
4315
9442
9592
9118
4731
9660
8950
8940
9706
9210
5079
9472
3845
9318
5686
9184
6434
1618
9638
5253
9002
7054
1495
417
4511
9084
139
2219
405
344
363
363
402
404
158
346
417
417
6842
775
3724
5421
5155
3799
1545
1967
2349
5456
5914
6087
3581
6160
5344
5127
9292
8810
3626
7134
6105
6814
3169
8640
9396
9096
3964
9072
4595
7378
9154
6802
9456
4546
9638
9576
9310
7482
9272
6364
9078
9710
6184
1677
397
404
3959
3652
6603
812
363
1409
121
395
331
3663
141
4985
152
385
401
146
412
6300
6151
5431
6062
7030
5941
3590
2297
1633
3892
6740
8894
4095
2001
9184
4872
1431
3737
2116
6759
8928
9372
9060
7355
6212
9370
5525
9088
5346
9308
6137
9262
9284
3885
9436
9440
9316
5350
9684
9286
4994
137
2077
3185
1438
1684
414
159
154
155
3761
162
396
8778
6828
3890
132
1690
2398
402
5274
3873
8596
1606
6127
1059
9094
5990
6628
8762
4384
7084
1590
9136
6340
3817
5327
8808
3751
6112
9158
9394
9586
6466
5228
6744
9344
8990
9200
9300
4978
9100
6459
9306
5073
4709
9424
5129
9290
9398
1398
9032
395
344
1991
129
415
2030
4722
2501
6281
3041
2825
2982
400
3677
5402
4917
139
411
1651
5485
2909
736
9252
5754
9406
3826
5345
3701
4377
6027
1915
2890
8942
6199
3037
6219
8920
6608
5613
7014
4025
9660
9356
9472
9152
9348
9364
4937
8734
9534
3859
9384
9176
5370
8922
9322
5137
9502
906
6132
3925
3552
314
417
363
3092
134
2101
8742
4920
363
2271
118
1677
8986
3013
150
6013
1662
3902
9012
4328
4005
1480
5068
324
6209
2963
3100
2362
4900
5849
3330
6127
2223
7195
5251
3240
9138
9600
8906
9126
9464
9218
9126
9072
9028
4006
3804
9486
9326
5947
9656
8604
9150
5449
9418
9414
370
415
1584
350
319
1639
376
3385
5008
775
155
8816
896
6248
417
370
152
5595
4268
9000
9118
2070
3693
6270
3693
8998
5337
5594
6696
9062
2302
8744
4522
3811
2213
6732
5737
6024
3742
3564
6177
5489
9528
6369
2391
7254
9664
6239
9026
9136
6198
6188
6959
9566
8850
9282
9576
1619
9700
9388
400
405
3744
363
852
411
417
415
417
398
1467
407
414
162
157
156
401
340
1080
360
3563
2231
1645
4690
3934
3770
8800
5213
4896
5176
6608
3832
5561
9258
8606
6545
412
6291
1991
8988
9360
9292
6374
5010
6065
9286
9562
9498
9190
9024
3830
5109
9412
5317
9608
8464
3880
9344
9182
9068
402
847
3737
352
6190
6843
140
354
140
407
397
2955
396
38
137
1694
396
134
417
401
3314
4645
4039
8416
6055
3018
5537
3245
3963
3908
5078
2226
4857
887
1602
985
2177
9026
6041
5170
9348
6371
6306
2850
7192
9434
9314
8952
9110
9592
5293
5073
7301
7161
7199
9198
8992
9386
6297
3998
133
402
2213
1968
9242
157
2961
2227
2760
775
8784
412
417
2153
356
126
1515
342
403
3170
2685
3729
6351
3720
2003
1647
9300
979
6104
8834
5239
7187
5633
3947
1637
2074
3441
8650
5057
8146
2986
9362
9582
6099
9320
5127
3960
9350
6686
9304
9654
5513
2182
5324
8888
9602
9166
9574
9186
8898
2629
348
3336
5125
8890
1495
1933
416
3787
953
923
4019
2106
8744
6140
8898
5072
332
5046
3930
8982
2926
3751
359
1949
2713
5902
3992
5801
8840
1420
8722
1702
5131
5955
349
6503
3691
7044
3875
9174
8952
5110
3884
9588
9562
3917
3804
8844
3230
9388
9608
7489
9194
6162
5239
9120
9046
6753
9196
986
2151
155
411
158
1701
412
5219
717
332
3146
3308
127
8592
3622
7402
1459
9074
1505
3139
3246
1617
8698
3726
4787
1880
1707
3866
5190
5597
5320
1782
6179
955
3851
9372
9214
3829
1974
4090
9088
9226
9278
9518
3985
9302
5309
6129
9478
5875
9502
4968
9590
6237
9236
9554
9418
5340
9246
9370
5195
353
1724
1472
3116
3058
6001
2440
4663
397
5057
5908
2062
985
1789
8816
8816
400
3397
3843
3176
695
3587
5141
4585
8320
1896
6102
8862
9320
3679
408
4554
2182
3807
1395
8984
5000
2060
4831
9188
9660
5301
9402
9152
3475
9642
9274
6980
9780
9330
6648
8984
6455
8884
9516
8892
9516
9222
9240
399
136
133
3829
395
1929
3822
417
1481
412
403
158
398
5197
3745
1286
3445
2314
2160
3792
1729
3543
6748
3795
5911
329
5182
4912
2431
4960
4341
6223
3675
9102
1525
6329
3408
8918
4935
6062
9200
8828
9346
6990
5914
5289
9458
9414
5066
9462
9526
5021
6256
9512
3879
5199
9680
7242
3281
9060
1467
4769
160
413
856
4816
711
2071
411
5099
2455
416
158
1197
406
358
4866
3644
5234
417
7068
9494
3078
9446
2030
923
6159
5311
5984
5872
6124
695
5707
9124
6140
8982
3243
6877
4965
3925
9230
8972
5978
9066
9104
6061
8788
9294
9034
9366
9010
7003
9424
9276
9174
9260
9314
5617
8758
9114
2467
5901
417
409
3387
411
133
151
3706
347
721
5128
1911
2451
405
1991
397
398
1399
4769
9036
9126
2993
3685
3723
3046
1703
5651
6915
5753
9172
3906
972
3741
3932
6667
5025
5721
5478
3907
3985
2165
6281
1478
7227
9212
9038
9548
7132
9294
9210
9444
4858
9072
6361
9124
9024
1703
9298
9212
1416
3858
399
375
3994
405
1414
5532
2360
412
410
415
4241
865
5389
2223
2248
373
5089
408
1573
8922
8746
8546
9426
3489
1339
9034
5409
1026
3753
8240
9024
930
6815
1937
5046
9254
2245
4914
7082
4463
9162
9150
7208
9494
9308
9492
8874
9528
9572
9302
9434
7303
9384
6846
9360
9426
9326
6225
920
2068
762
6122
2175
381
1644
2312
767
402
417
7338
3812
3877
136
2966
358
1694
2189
6280
9240
3152
1020
5224
1439
1737
3012
4908
1638
5200
3896
7141
6175
2299
3075
1683
3599
5917
4762
5009
9016
8812
9524
5445
4679
9538
5615
9160
9438
6785
9092
6167
3337
6898
3841
9526
6082
9452
5118
5369
3516
2117
6387
1633
8724
4912
8872
3871
8732
2513
6145
2174
3392
417
134
2193
408
3300
153
402
8576
3878
6216
2966
362
8636
4253
775
3077
3920
5382
8884
6282
3605
3281
1825
2104
405
3551
2030
9416
9598
9382
2004
9210
6862
6421
9414
9326
1344
7159
6044
9254
9430
3677
9462
3391
9294
9306
9330
3964
2325
3745
411
2228
119
402
401
1627
1374
311
1018
352
398
394
1965
415
363
5377
400
3656
9192
3606
5565
7091
3484
7009
9026
3756
1640
981
3650
8966
9126
5431
4676
3627
6074
2304
5940
4950
9488
9532
9210
9414
9350
5391
8990
9316
9500
5304
9298
9512
9266
9254
9552
9404
7156
9204
4708
1556
981
2960
5596
2383
403
351
397
388
154
408
937
402
403
6140
416
417
3127
1469
359
4564
1505
8856
5087
7128
5985
716
8884
752
6863
923
3656
2403
5410
1833
8964
5931
5975
377
4753
9570
9366
7042
5844
9376
9240
9086
9304
9238
8866
9354
8752
7204
1991
4539
5175
9408
6672
9170
6138
868
159
902
6558
885
8924
363
3481
8922
1358
417
146
417
1919
354
314
7041
400
963
1543
958
2410
8790
8776
2416
9514
2131
5143
1445
9150
4005
3824
7414
1993
6433
9060
5180
9190
969
9168
7213
9598
9296
4563
5204
8940
9168
5459
9384
8988
4916
9422
9300
9576
8590
9580
5264
7064
9212
6683
1708
415
8736
340
346
347
344
3901
411
2272
964
8776
3722
409
396
3882
4899
414
967
417
2297
9272
2115
697
8874
5481
1662
5453
2313
8946
2007
4921
1426
354
3587
6360
9074
2003
9052
413
7055
3931
9068
9552
9290
9356
8746
8960
9072
9286
9384
6086
6242
9636
8490
6162
5078
6404
8656
9350
5481
2901
354
3642
395
350
9064
416
346
1418
2855
398
8872
415
153
351
3550
359
7271
4898
3886
8772
6130
3924
3405
391
1599
2930
6360
3640
4957
4813
3645
6536
6041
3544
8782
5752
3461
8880
8802
9168
6275
9392
9064
9152
9442
9214
8828
2587
5197
9080
8844
8892
9208
9446
9578
9482
9176
5144
348
403
5510
9166
1648
161
3925
1946
1009
2228
939
361
1666
128
2001
1623
5778
143
3783
3499
5479
5125
8794
5637
3737
4758
9288
354
8756
775
3549
8688
403
5895
3564
9326
5217
9056
6354
4162
9356
6770
9588
6079
9506
6634
9088
9154
8926
9382
8814
9562
9360
5326
9296
9188
9152
6529
5494
9272
2406
357
342
1988
330
411
415
405
2225
5393
5908
396
344
5884
1994
5299
415
2310
3252
408
2437
6432
1706
6998
4346
3953
8784
9034
4990
9170
9446
4923
1299
6362
8996
5112
5527
5342
693
5178
9532
3855
5397
9152
9456
5893
9268
8864
9376
9272
9430
5492
7191
7010
8884
4759
9288
9066
9284
9164
161
1526
5948
5002
3893
152
3050
3808
145
1434
2937
3955
5990
2035
402
3777
3833
3000
1384
757
1840
8824
5837
2832
5379
9188
1494
6235
3879
8736
3048
3592
9162
4136
5050
1621
9178
3191
6451
4745
4860
9576
8976
9232
6247
5850
9380
9052
2397
8976
9496
9098
6540
9642
9520
3895
9354
9090
3679
6646
3653
397
1596
3517
1500
2129
2785
3771
393
3070
3688
1383
1493
652
2071
1389
2991
4846
2989
5499
6491
1992
1982
3698
5139
2266
3862
3999
4461
3747
4608
8468
3249
3867
6941
8986
6172
6759
6715
2597
9596
976
8964
9568
4850
5091
9202
8980
5114
9306
9052
6094
5904
9508
9372
5067
9214
9142
6316
9708
1910
5930
2025
755
1965
1713
137
342
5330
397
136
2045
986
1690
1739
3623
1978
2910
3635
3314
8816
3786
5116
356
5293
3673
1902
6374
4776
9098
9018
8506
352
6766
5044
2106
928
1385
8402
9150
2537
6100
9424
9090
9520
9274
9212
6079
5689
3438
9508
9226
9316
8994
4850
3866
5021
9646
9212
2055
57
5354
7114
2043
5634
416
2047
1632
1616
895
415
155
2380
969
5005
1639
3735
3909
919
3828
664
6387
8808
3803
6116
7197
5937
1626
1955
7112
5073
3155
3906
8846
8918
6968
5959
8970
6110
5103
9070
9026
9146
9248
9394
9328
8756
9256
9358
9432
9386
9268
9664
9690
5139
9310
9074
6065
5352
9290
912
153
8586
9214
5046
404
1695
1573
937
3859
1986
400
408
5216
1031
392
6109
3022
401
139
8976
322
4141
8770
7034
4175
2881
2008
1510
8728
3860
5784
8996
9002
8888
2976
3565
5403
6864
5027
8814
9596
9430
3049
6743
9090
8948
9588
9224
9262
9332
9598
9438
9326
9574
8652
9524
9446
9490
8798
1755
9148
2510
9096
151
964
3795
403
153
1426
401
1603
9180
410
775
1538
8922
3064
4973
3341
3755
3750
1637
4550
5945
1638
977
861
1400
5826
721
8686
9216
3661
3355
6404
5269
3980
6068
6509
3921
9248
9456
5551
9620
9466
5711
9512
6928
9434
8810
6137
4419
9430
9172
5588
9574
9190
9436
9302
2445
1506
1392
981
337
355
5877
405
350
5345
413
150
1682
2260
411
389
402
410
4725
9276
5330
5207
2891
3930
5121
9014
1656
9168
6778
9508
6617
3838
6709
981
3868
3668
2015
9174
1984
3540
9412
5024
5153
2045
9318
9386
5857
8780
4990
5388
6958
9394
9306
9254
8840
5111
3735
9182
9300
5241
1665
1625
160
5147
3984
5073
384
5483
3873
3620
3839
1308
145
395
3782
115
3078
9008
2133
3548
1944
9144
8760
5359
9172
997
5337
9248
7103
2078
7116
3165
8780
9136
1886
9260
2947
9080
400
3635
7357
5253
9028
9118
3798
9258
9470
8972
6887
5400
5852
9356
9340
9350
9338
9158
8986
9298
9690
9144
140
1404
1862
1014
3687
3166
2285
417
3689
3573
416
5370
3802
935
8722
8800
9100
1786
6402
401
3879
2230
8758
3783
2124
3690
1685
8844
2999
6784
9162
3512
7086
9182
2500
1949
1866
9142
3856
6227
9610
9558
5649
5836
9244
9018
8936
9340
2130
1796
9312
9048
8994
5336
9180
3876
6070
9058
9240
9234
154
8964
9078
3869
2467
4749
6412
6458
153
9246
417
2333
404
390
145
1987
157
401
1951
150
3213
2094
348
1979
2367
1588
2959
1611
5347
2885
3763
3692
2442
5144
3327
6012
3820
3759
3909
3275
5187
9304
9186
9452
1623
9262
9238
5357
8992
9072
7072
9290
3954
9316
9222
2246
9492
9364
6926
9362
6816
409
5028
2087
157
2040
2953
152
1650
151
1641
3716
113
6159
383
1913
9110
1650
334
399
3837
5050
8834
9384
3844
5962
3020
8962
5823
1972
650
3889
5390
2094
3671
359
6495
5978
9082
4912
3943
5967
9256
8830
9106
8950
9298
9772
9362
9166
9242
5533
9374
9058
9362
5348
9230
9076
6899
7103
3657
343
3756
400
1435
2443
355
9232
1706
5381
1509
385
9072
137
403
1732
407
936
1685
2098
930
6089
1625
7084
6083
9232
3127
8716
1921
351
7094
3658
1425
4833
8624
6105
9362
6643
2108
6935
6706
9148
8852
7087
9472
9208
9432
9166
8826
9108
9170
9108
3846
9150
9288
9014
1721
9308
3228
9440
417
410
158
5298
1602
401
406
405
2389
118
1437
916
2217
3843
354
6222
986
152
1203
1884
5331
2154
410
8840
2926
3895
3855
6194
1541
8982
4464
316
3909
6163
7036
3265
3845
8840
3620
3818
5648
7007
9384
9474
9554
8796
5754
6197
5344
9214
3925
6599
8950
1720
5875
9244
8792
9520
6225
8860
2244
398
5824
1454
4950
1627
5097
135
8648
5135
881
402
308
398
1668
2285
9064
345
391
360
6567
8728
3229
5968
3306
2360
3072
6839
5605
1975
2268
1689
6310
2078
4845
977
4055
2274
3846
1719
9098
8646
9236
9208
9146
8844
9370
7075
8904
9668
9226
5265
5682
9188
9580
9340
9484
9154
5805
8926
154
409
3181
1021
406
153
773
3240
403
4962
371
401
336
6419
940
152
407
2818
5365
406
3731
4292
1568
9104
1628
5289
9022
2952
5046
3811
8912
1696
5281
2386
5088
9028
3801
3970
8644
3757
3647
4954
9416
9330
8976
9546
5006
7328
6307
5055
5228
9326
9684
9278
9402
9550
9442
8998
9480
9300
7031
5888
380
3839
5911
915
381
3336
923
3857
981
9066
2055
409
2275
1512
775
3739
2009
334
6274
1685
7017
2099
1630
2293
7117
5131
1629
6030
3712
3967
8928
8990
9008
9078
1634
8720
5611
6010
1950
9540
3280
5946
9184
1612
9234
3953
6453
8906
9146
9152
9094
6134
6138
9602
2857
9116
9464
6955
3514
966
1978
1489
1388
6192
410
1377
403
5146
743
396
414
397
708
9150
952
388
412
6095
1699
8894
1626
5210
1680
4657
1971
2425
4482
3790
3751
9042
861
9234
6778
9034
6386
5024
3784
3244
9382
7179
9496
9592
8892
8996
9428
8956
9240
9660
9362
9632
9264
9514
6313
9606
9280
2094
9236
4146
5576
3868
6123
122
8866
3834
342
9012
1582
156
1899
158
2045
414
413
135
2413
2470
935
5291
4476
3931
6217
9204
6752
8942
8610
6369
1930
3753
2187
1974
1945
6420
5037
3850
9138
5201
3405
6086
5419
4025
3827
8752
9520
9360
9566
9276
5957
5184
9458
6163
9600
6554
8828
9164
9362
6257
9556
8638
1053
3739
401
3070
351
394
417
415
358
153
414
1537
408
930
410
399
417
1471
2320
345
6755
4600
4543
3491
3967
2938
3913
2022
6386
9338
4994
3737
4932
6469
8386
5844
8998
2357
9340
3620
8822
6107
4861
2022
9424
9400
9318
9286
3779
9464
9198
9222
9292
9632
2017
9496
9340
5279
9214
2368
363
363
6117
401
158
1426
336
3098
417
152
6100
961
351
1976
330
393
1620
414
391
8664
6017
4022
6280
9120
8922
3851
2310
3300
3702
5162
745
3408
1407
5207
2034
1443
2917
3126
2190
2342
9362
9504
9186
9370
9446
6066
5338
9342
5284
1941
3433
6599
8930
3426
7089
9392
6620
9200
3959
3830
151
159
1618
3545
2137
2933
3076
415
5311
404
3980
417
4472
5018
1642
154
5480
9278
2146
1611
9480
5446
5066
4383
3751
5419
4018
6528
8932
8978
5080
5495
1699
3442
5943
5689
5791
3885
4940
354
9244
3227
9450
8786
9612
9390
3955
5287
9496
2323
9346
5128
8814
5658
9084
5450
7241
6060
6866
9494
960
1358
6262
9024
158
1469
1737
4767
3200
415
1685
5247
397
408
392
3680
903
417
8908
1973
2152
3625
2212
3661
5279
1483
6247
325
5672
3722
2959
4866
928
337
9040
1583
3295
362
3424
4977
9290
5001
8650
9446
7098
9172
9208
9490
9484
8808
7159
6927
9202
8822
9220
9452
3128
9698
7297
9290
417
417
416
1674
343
417
923
1673
309
417
39
1436
346
8804
352
399
1473
3389
417
403
3861
9194
2891
4965
1030
3233
9152
5244
5015
4968
8830
3764
1570
8428
2285
3843
8842
6171
294
7175
9336
5879
9662
5359
9312
6711
9394
9644
5244
9504
9192
4885
9456
6633
6189
9126
9298
5008
6115
9500
404
1713
403
404
1595
5635
1524
157
956
9118
399
383
3050
412
417
1509
1954
1647
409
423
851
5222
3714
8472
3763
3839
3953
8590
1929
3154
6107
5031
5203
3779
5285
9250
357
3862
6502
2001
5527
9514
9526
7203
1704
3839
6078
5432
6347
9594
9458
5353
9712
9748
6399
5859
5068
9348
9524
7490
149
158
365
118
392
3877
6995
947
397
397
417
408
2174
399
140
415
9298
2049
3049
417
5289
9148
3524
8646
333
3141
8916
9342
359
2124
355
976
1995
1888
1903
9342
5225
3693
6480
5094
9482
9252
7048
9136
6143
9106
9486
9528
9560
9500
9298
9270
9248
9350
9136
9510
5307
9388
2007
9218
3842
416
405
152
349
416
2027
5128
411
1639
3832
353
157
151
1399
2022
834
3567
417
1570
8976
6118
395
4979
8826
2021
5230
6728
3168
8474
961
6528
7026
2969
5007
1623
5250
3604
9072
9366
9076
2765
8990
9546
5469
9684
871
9448
9262
2462
9672
9644
9060
9174
9608
2276
9688
9582
5145
8954
356
3278
363
2243
410
6183
2005
413
417
5623
3482
3704
1472
2216
1452
360
870
153
7201
417
1971
5298
5225
5324
3130
3674
409
8978
5084
1682
2048
2345
8556
6560
9328
2410
4886
1536
1982
2976
9270
9088
9560
9452
9496
9644
9274
3902
9576
9688
9234
7076
7089
9564
6029
9550
5389
9476
9238
3642
409
413
4494
2525
412
402
414
411
416
396
394
1430
397
155
390
416
415
397
416
1540
5245
1707
1656
3212
9282
4638
4996
5480
8960
9164
6842
6415
2524
5974
3068
1450
3799
6298
3759
5245
8892
9140
5016
6922
9418
9038
7111
9586
5407
9274
9428
6155
8938
8976
9602
9492
5332
5500
9414
6030
124
131
124
128
400
5090
5050
8812
403
1965
3228
9090
416
417
2760
957
160
415
404
3344
409
361
8854
1626
363
3800
2973
3558
1858
7067
1530
5291
3451
1937
5080
3716
3294
1955
6156
6691
9398
9352
8982
5523
9402
8786
6770
9450
9706
9198
9710
9340
9286
3862
9638
5037
9014
7165
8958
2351
406
5187
363
5661
417
2227
3627
884
4475
5927
113
409
3818
3603
159
2385
132
1477
155
1031
1613
8940
1415
1678
9048
3920
9248
9676
3652
363
5115
1436
4957
5105
8960
1872
3673
1454
1909
342
5243
9084
9172
4053
8818
5598
3051
9130
9176
5265
9100
3867
9298
9138
8784
9108
3703
5194
5919
3789
3932
369
416
415
417
1618
5745
415
1843
8560
1788
3611
5525
362
396
417
417
706
2794
108
8724
871
2355
2181
5247
1522
6125
5556
3215
3796
2401
6368
1442
9188
8960
2216
6006
9238
8960
4790
9154
9136
9466
9120
9508
9006
6831
9464
9098
9112
9170
9230
9338
9478
7001
3841
5113
9284
6241
9012
6094
9172
407
410
404
2064
401
416
3469
3790
417
2231
412
400
3645
775
1628
415
5783
345
6016
6168
2190
8780
9242
2010
5572
3306
357
1684
1901
367
6043
5314
3666
5126
3214
5359
1449
9492
9448
3867
9462
5986
3577
9308
9728
5052
5180
9162
9152
6345
9536
9222
5503
9212
5408
9522
9106
5708
4557
2371
129
775
1328
9356
159
2245
6219
961
123
132
2238
1043
402
6214
401
2308
6013
371
8744
5519
9224
5163
5337
9456
5073
2046
8592
5074
3185
5139
2124
9070
5344
5762
2001
1740
6734
3735
5407
9468
9360
9510
9038
4617
5187
9052
5928
9342
9772
9188
9180
9406
9406
9466
9404
4455
9472
3115
363
151
4930
2806
919
362
2068
5404
152
417
847
363
339
3852
5290
3188
5082
150
3828
417
6960
5219
3358
9422
5953
9348
3907
3722
362
9422
9262
5203
3711
3817
2274
5384
5165
3686
315
9024
7044
9374
9228
5591
9464
6975
9036
6480
9428
9484
9232
3542
9184
9604
9118
6252
6270
3731
9260
3657
417
343
417
6027
4939
3027
409
6389
1749
4723
2738
3444
8914
6342
411
155
409
402
358
397
4254
9076
3816
1332
3650
1697
6521
3142
8608
3165
8816
8720
8684
8564
5295
4826
8308
2342
7051
4984
4971
9046
8790
9220
9626
8712
9512
3616
9048
9322
9342
6326
9176
6319
4814
4627
9160
1958
9318
9106
4889
3793
416
354
399
406
6911
1454
414
1704
363
4294
416
417
721
360
4411
1475
748
865
3883
6921
8956
8920
3647
3541
5375
8804
363
4639
3963
4976
9064
716
4607
3587
5227
8836
4928
9008
9164
8978
9058
9432
9678
6351
3804
9458
3106
9246
6855
5576
7139
9138
9200
9348
3785
9240
9370
5176