4977
414
144
1780
4818
154
413
1860
3483
1037
408
4562
817
3735
363
157
1611
417
161
875
2102
1417
4709
3233
399
1374
3362
5331
6739
1603
1588
4711
407
1477
2029
3398
2075
2388
2316
878
9036
6143
4545
6222
8770
3755
2355
8638
6152
3453
9054
5205
9300
8976
6135
9104
9366
9188
9384
5925
2300
405
403
2077
2022
417
415
5067
901
364
65
1468
1438
155
355
139
152
412
411
408
3661
2069
1765
3382
1452
4603
1725
2293
4545
332
973
355
354
363
4283
3009
4934
1557
3679
3168
8750
6311
9142
2926
9088
6713
9426
9000
9312
1986
2466
9246
5205
9100
9166
9398
6435
3721
9236
9418
3697
146
402
3650
4524
3399
161
2339
1534
401
156
3689
3957
344
413
850
158
399
397
398
2288
5403
9070
5032
5822
847
1657
1361
1555
1590
350
4702
3604
5780
3670
8936
4731
2521
4797
4819
3641
6447
5666
5755
9126
9068
4784
5856
7050
9236
3675
4874
6854
2349
5803
5373
9032
4360
3167
3022
743
154
337
790
343
347
1990
356
348
345
348
350
889
974
2279
2405
354
356
1613
1614
1886
8878
4369
3469
886
5029
1549
4775
2709
5078
372
5937
1583
4622
1715
2906
4459
4352
8940
1673
9512
4593
3536
6225
4002
5931
4536
9078
6592
5515
9040
3846
3617
9254
8828
6681
5747
5058
6041
6504
1680
1832
396
355
409
3405
1481
347
3669
1430
2168
415
1588
3541
357
417
2290
3680
1961
5911
2167
8582
3847
3862
1438
1974
3563
2924
3451
3633
2265
363
4694
3497
1476
3140
927
1834
1671
2282
6315
9070
4748
8862
7016
9184
5557
9344
5167
3163
9470
9044
8974
6729
9142
8578
9462
6823
4561
5004
821
2612
850
2716
3508
4457
417
3741
407
417
927
893
3109
361
933
3434
3495
936
5453
363
1509
4999
2302
360
1657
363
1482
6743
2679
8530
4487
3648
4664
2339
1434
2326
1495
2029
9006
1975
5313
6195
9108
5117
4781
8908
2211
1833
2123
3569
9294
9514
9008
9020
6119
4722
4791
5126
5979
9386
358
357
412
1526
387
822
363
3322
157
2864
151
862
415
412
1569
417
404
8798
1183
2195
3100
4187
1545
1662
3585
353
3113
3241
1567
8904
8502
1993
4665
4727
2111
5454
3477
900
2889
2000
9446
9368
9198
6164
3893
4874
8950
4877
1636
9704
8794
4881
3770
9570
6175
4746
3670
1791
4556
1352
411
3477
2080
2883
6422
3974
2428
1491
399
356
408
363
415
417
356
2221
1458
153
356
405
3343
1894
4452
352
3436
2627
358
4129
4719
4371
3749
1931
3529
6011
5857
1541
5360
2513
8632
2293
6743
9238
3155
6912
8802
9768
9158
9086
1592
6272
3361
3852
6363
9144
9188
2148
9476
9390
3865
1489
361
2171
337
153
3004
412
896
352
154
1997
3542
415
415
411
351
416
919
156
407
3447
2029
1484
3421
2573
8558
8556
1474
3133
2297
2249
3469
5881
2282
361
3484
3010
1500
909
1502
1442
9426
5349
9362
2184
8798
5850
8698
5544
3026
8508
9464
5234
9122
6932
8926
9568
3690
9576
3605
6518
415
417
110
412
361
363
3517
3236
3497
416
2840
743
152
416
416
407
2954
343
417
1451
3440
5766
1493
3433
3269
3486
4731
3409
3619
1974
2102
2853
4737
3281
1273
2870
5328
838
8756
8434
9608
9488
3848
6114
5693
9490
9478
9478
6940
3595
9034
9114
9360
6018
4933
9206
4433
9120
8634
5706
417
417
3247
1853
363
416
2316
1393
162
362
3741
412
1945
2002
3600
1390
361
405
3287
352
1409
5375
931
893
4512
1492
3055
2194
6734
361
1838
4421
2347
1978
1930
5180
3137
2029
8292
2833
9142
4822
6925
5710
6211
9260
3536
9304
9374
6725
2061
2017
5032
3493
9134
8864
4392
8936
9098
5706
407
3028
1609
417
3360
856
355
2774
8760
341
4540
2329
352
402
363
363
404
3484
2053
3332
3591
6440
8730
1548
834
3521
8846
1621
1491
8218
1418
3257
6569
8672
5472
5648
1552
3441
3219
6088
3505
5021
5497
9294
3537
9626
3462
5864
9512
8798
4563
3351
5440
8860
6045
9468
8520
9232
3742
4277
6173
400
695
406
8644
5621
408
345
1446
3091
361
3622
6353
4891
3447
1438
363
363
3868
2431
5556
5518
3601
5942
5881
3437
2041
3591
1603
2948
3367
880
4648
1031
4724
363
892
5969
2855
2742
5849
8622
9306
6547
9134
6781
6103
6365
9272
9462
6544
1873
9466
8482
6294
5190
9002
9218
9062
9166
2711
403
374
1534
405
1508
363
1429
4717
346
1644
411
353
1962
1546
13
403
2358
2303
156
3414
3417
1417
1411
1463
2246
1782
5032
1016
3747
5167
342
3147
5844
5441
950
731
6418
2069
317
9648
6193
6913
5914
9062
5591
4419
6511
6689
5323
2080
5618
9200
6047
9392
7028
9430
6128
7122
9238
416
2894
1925
415
157
1596
1755
6293
1541
1586
417
361
2107
1972
404
979
6104
5642
3557
3480
1602
349
3264
8728
5207
1530
1651
5592
3473
4554
2980
1774
6635
6296
6252
1425
3195
5524
1635
3447
8950
9322
9312
3345
5990
9388
8852
6410
8506
9028
2928
3362
9354
8918
9148
9098
6430
3604
8684
5759
417
351
1548
346
3592
1843
336
1432
1701
964
3323
8514
350
417
2677
157
359
3033
414
342
6280
1594
2763
4120
3906
8944
8822
866
305
6474
3473
6207
5621
3581
1663
6028
4733
1524
6676
2652
9194
9352
9360
9048
7364
5077
5488
8886
9356
9050
9070
9092
9102
3072
7041
4588
9148
6878
3808
8640
1440
401
359
417
2404
5329
2120
1469
4098
3926
417
2620
409
396
3376
361
977
360
358
1960
2174
1432
6782
1587
5674
3566
5693
824
930
4996
4749
1808
4701
2647
8514
2901
3811
1685
3050
2731
8836
6167
4645
9186
5672
9816
9132
9120
5140
9450
9206
3707
2979
8946
8894
5550
5550
9500
7117
2321
1471
406
1712
363
359
4283
414
164
417
363
417
413
870
985
401
363
3100
401
2274
3071
6116
2061
3468
8728
5500
2139
1595
9178
2850
827
1565
5777
5221
4512
4820
5433
5652
3710
8848
5749
9244
5705
3679
9278
4163
9520
8808
6879
6442
5726
8492
2200
5840
5961
4616
2359
6894
3245
5751
4870
2050
2841
4807
929
603
366
415
416
6424
411
1978
2862
404
362
340
420
1580
403
936
361
4194
908
1609
3002
6335
1457
1921
6220
2153
1554
1496
2180
2904
3624
2364
2023
4540
2134
5163
1931
1007
9438
3747
8768
9152
8948
6528
9022
9304
9136
9496
6659
4842
4814
8896
9160
4942
6967
9564
8690
363
363
1529
689
3246
1963
4209
1569
403
4485
146
417
353
874
158
2952
161
4958
889
2118
1319
3998
2682
1797
967
3403
3989
4901
2718
828
1493
1532
1455
1629
6304
1588
2049
8850
911
1962
5448
3712
9308
6730
8874
6692
6448
9450
4647
5535
6328
9102
3757
6226
9242
8744
6335
3580
9100
9438
336
1537
865
933
1532
6485
874
406
391
635
411
4646
363
1628
2891
841
3543
868
3076
1399
5743
4991
1543
5604
6644
8820
2840
1536
3450
1451
2263
3489
8490
1840
1557
2263
1574
355
2941
1508
9438
5827
9362
9018
9362
9248
8818
2575
6505
4450
681
9172
9616
9370
5195
3717
3489
6686
9724
9386
1536
1519
2327
154
3681
3785
3612
357
1833
361
1446
346
1804
2830
353
1479
357
343
408
417
5788
713
363
2848
2891
5763
1990
3537
1933
1987
3691
2912
860
2950
934
3700
851
2983
6247
1632
5560
5897
8882
9152
6239
7152
9202
8970
3357
9332
5878
8990
3619
9524
3562
8960
5117
1992
9374
6416
348
3099
3594
2393
1333
360
349
4866
416
417
3584
1392
5364
8806
1516
336
1571
1547
1863
854
3580
5715
8788
2029
3306
1385
8862
799
2258
5178
1499
8906
2328
3449
944
2198
3416
1989
353
2746
5495
4201
3664
4764
9218
6022
2261
6999
3834
9322
8912
4415
9394
9212
5031
3570
2976
3474
9444
9448
417
361
345
411
2928
158
151
2959
3040
363
363
883
1538
417
406
348
351
358
411
1778
977
2109
6475
1586
3602
1858
2989
8482
5175
4960
6405
3693
6216
3515
6484
1672
3454
8902
8684
4007
5658
3268
9112
1501
9512
8890
9256
6736
8762
9112
5531
6108
9424
9036
6311
6609
9460
9254
3240
9164
358
417
354
152
2142
363
363
1303
1576
1881
363
355
3755
2949
411
349
391
403
1802
1536
6414
1831
2874
8722
9044
1597
5884
4901
3005
3515
8864
931
9026
6318
3775
1522
3741
8840
874
2154
8946
6742
9394
9156
3095
5311
6719
9020
5780
9056
5708
2055
6392
8744
9074
9660
9204
9680
9270
2246
357
1987
363
156
1962
814
1438
148
415
843
763
6071
398
363
1858
1558
417
1534
2864
348
1800
3626
5614
3564
961
1463
3361
2106
1432
4082
2140
4703
1407
6178
1865
3396
400
3701
6494
1670
9316
4882
6403
9088
9444
8828
9176
9150
9170
4439
4996
9462
1568
6676
3002
6629
9308
9176
5681
6796
2182
3653
3664
360
358
357
1532
3472
1830
349
1443
1388
3589
1304
416
1466
4373
403
401
363
1514
358
2191
9098
2878
6566
362
4622
1635
4764
5047
2265
4753
2959
302
4663
3589
3569
2165
1660
5583
4418
4820
7124
9112
6299
6715
3738
4606
6716
9032
9238
6575
9098
8978
2268
8816
9556
4926
8994
363
348
1548
410
1370
361
1694
8790
413
2958
855
359
403
2813
353
414
344
359
3660
927
826
3775
8708
3701
5154
2872
5517
1931
6090
5734
2894
3645
2961
912
3340
5440
1327
9078
3507
8840
9272
9296
4523
9310
8974
9034
6530
9422
6819
9410
6801
6077
4211
1585
8844
2948
6395
5641
3359
5925
926
363
1524
1443
8738
405
378
363
1399
1458
366
5906
363
363
358
1852
356
1924
415
353
3528
3683
726
5895
859
358
8782
4167
7007
391
8494
1765
5882
1547
6369
1771
1926
3253
1627
4606
9490
9492
3460
4868
9244
9272
6753
4849
9114
9064
5490
5771
6393
9120
2994
9228
5381
9236
4764
9108
361
379
1532
362
2202
412
8866
362
1500
361
5499
2383
145
351
5679
2831
357
359
401
3393
3243
2361
5933
8740
2911
9530
3169
1610
2022
3055
3483
4951
1440
907
3397
2938
8980
2039
8468
6029
2895
3631
9540
9350
9614
9532
2105
9202
9460
9472
3615
9002
8702
6993
4093
3099
8822
9216
3345
9518
893
2006
1789
1515
400
2924
1285
1633
5729
1455
1301
8874
976
1872
1321
355
3538
1464
3639
844
5119
8802
9172
3852
6570
2200
8884
4716
1832
5044
3204
2088
3589
4704
3487
1604
759
344
5088
4119
2709
9348
5765
9032
6318
4139
6893
5988
9680
6236
9100
9320
4592
9374
4796
2320
6971
5795
6573
8998
353
3488
383
5696
1718
1502
1487
380
1890
1619
1429
2232
148
1609
405
349
1922
1621
1967
3674
8944
2749
4104
3604
1930
4624
1588
3564
1736
1750
5593
3346
3529
5595
351
401
3081
2099
1745
2872
8960
9192
4528
2218
5858
3107
5905
2368
5188
5471
9008
8920
6834
5595
927
6907
9146
9392
7034
8844
2250
1756
354
1367
1516
415
2151
2951
1971
362
3074
4715
2022
2115
348
1612
4854
1943
1907
5492
5772
4653
8998
4210
1489
1595
2119
5709
8724
6090
2671
5837
9152
1551
1693
5167
3586
5527
5702
8970
5755
9634
8994
5076
6181
8858
2205
9000
9324
5425
3709
6567
9224
6469
8686
6602
6820
9004
9020
9088
8514
352
1586
1535
414
2436
351
1612
2835
152
1530
338
8902
4042
350
2931
1504
352
3594
3570
2918
3457
3668
3618
3341
2252
3730
2831
8780
3706
5670
4328
1478
2383
885
2001
3462
4483
2299
8658
3471
8810
1719
9362
6700
4811
6608
9030
6290
3017
6920
9592
6652
9368
2388
3432
8842
9552
6235
3397
414
417
396
832
890
3705
1432
9066
6430
417
905
363
1587
410
8660
1405
934
4715
1574
1543
8760
2018
3592
1494
5561
874
1428
2388
8932
2740
2092
1222
1503
5832
2085
8660
4377
3667
4933
911
5531
9164
8540
2877
2947
9566
5305
8928
9100
9320
5782
9212
9162
8966
9356
2942
6607
9090
9010
6631
3135
1441
1583
3083
355
1320
6442
3067
1558
1894
3338
3458
411
1923
1751
2022
344
1387
5709
3091
3152
4119
5658
1927
5656
2263
908
5054
3526
844
8972
1869
3001
1402
3472
4142
2738
8976
1544
1497
5686
9538
9418
9512
5681
6477
5060
3930
3027
4179
6661
8804
5916
9104
5605
4774
9076
9440
9106
6540
409
404
1594
954
3647
3527
363
1425
2987
3031
3556
1482
3477
361
1860
705
415
149
1512
5748
3795
6479
5926
4684
4863
3003
1796
5004
1396
5347
2033
889
3620
5760
5202
349
5046
2330
5063
6625
9110
9156
9284
4998
9212
9504
8688
9228
9406
3572
5606
4908
4930
9234
9236
3338
9178
6639
9312
3241
2271
362
4396
1618
361
410
4836
1343
1570
1850
4453
4890
1557
967
3085
3541
411
1721
5913
2277
3489
1293
5115
1595
5913
3505
2935
3620
3432
1393
923
1520
3528
1590
4508
8506
1976
8576
2894
1820
5691
8956
3643
5283
5722
3566
5834
6119
3621
9042
9186
6642
9480
5820
9494
6466
8730
9236
3513
6536
1812
4674
4756
2927
3425
1952
356
2985
412
1587
3493
415
975
992
5177
3023
1986
2900
410
1429
2165
3844
8936
1732
3082
861
1520
3367
1782
365
8878
4757
1531
936
3766
5004
3590
6348
3397
6023
9484
5009
9168
3384
6878
2533
9512
9416
7037
9100
4920
2862
3114
5070
5162
9274
9616
4600
6661
3516
405
918
415
402
343
357
405
5166
3418
2233
5641
763
2281
1459
2260
417
5431
2096
3529
350
3202
3569
1642
1554
2763
924
1485
805
3624
3617
1998
1536
2265
8828
3342
2335
6308
3618
1485
4521
3107
8624
3799
6972
9394
8974
4673
8952
2958
9132
6363
6460
4898
9250
6760
9408
1853
5393
9448
9428
2190
3713
410
9076
411
2157
363
1516
6356
156
402
1612
3605
2951
2203
3060
3538
355
3889
3440
3418
9000
3514
3753
4701
8804
1565
1022
3562
3505
1677
8544
6455
4224
3655
1510
1392
5983
839
1590
3270
4898
6179
8990
3789
9410
6451
5260
6733
9430
6029
9286
5791
9380
9070
5591
8930
2823
9402
6172
3562
5001
417
3720
3762
3097
417
2390
4598
413
361
3480
1523
928
403
1576
416
361
417
1744
2167
8792
1503
913
1557
2780
4894
1515
3649
1469
3433
1406
3615
5927
3745
4667
1833
1725
3489
1702
9552
4749
3666
3609
4805
9382
6853
9320
4581
5569
9422
5083
6002
5095
8930
9162
9048
3055
2872
6840
408
343
332
414
5394
3072
5098
355
417
6478
5835
1959
411
4862
1581
3776
3666
414
414
4028
6041
6796
8834
2064
967
5368
2239
5207
3420
976
3353
9042
8626
1393
3469
4846
347
2041
3512
709
9088
6117
9380
9326
9418
9346
5329
3500
9446
9340
6186
6214
5943
9606
2326
9490
5507
9012
5199
2141
412
405
408
3513
1418
2179
356
382
1313
3089
1637
1628
407
413
2856
4902
2280
3223
417
4917
4470
9490
5520
1407
1648
8540
2155
1490
1551
3211
8820
2830
8780
9032
1314
4900
362
5379
1545
1851
8930
8984
9374
3553
9122
9518
9434
9134
9134
6309
2119
1963
1992
6541
2286
6611
5937
9106
9028
9330
8636
889
5548
2109
3300
1858
400
3572
1957
3094
2969
415
1630
5456
152
411
5542
1547
361
2129
3100
1610
3137
3497
3479
3035
894
3339
2010
8726
4745
3466
8818
1521
6502
5758
8838
8804
5694
3602
5640
9456
5570
6815
5629
9488
2955
6820
9290
9334
4822
9362
6484
9210
6805
4858
9260
5758
9436
3394
1889
3081
399
401
991
414
2917
384
145
1412
3473
3810
152
1523
1596
3719
2216
3799
3085
4800
4796
8866
1931
3837
9114
2123
8800
9040
941
360
6976
4329
4777
9154
1959
2190
1618
2677
6403
9096
9394
9526
9356
7039
5630
9296
9062
1642
9700
9354
5885
9334
6306
9364
8962
5360
4641
9518
2487
9384
8940
363
411
409
1641
407
3528
417
3768
402
417
2313
413
1001
331
341
414
362
397
4787
3232
8670
5088
9306
4890
2078
5695
1587
1480
4838
6776
3095
2296
4085
858
3487
881
9042
2995
9184
9074
9418
6149
1610
2840
8814
5755
8978
7247
8874
9070
9404
6892
5194
9338
4410
9158
3897
8784
3652
3788
1558
4718
946
362
1645
399
159
413
412
1331
363
346
2283
406
2101
417
407
392
3121
6071
1502
5662
2165
1593
2286
1709
3701
3635
6719
1424
2943
1768
6589
2964
4810
1479
3326
6325
362
2722
9298
5602
6385
6286
3898
9194
6882
3570
2252
6674
6568
9678
4755
8956
9470
5832
5582
9224
5814
406
402
2987
5015
416
1424
3035
3166
1864
931
2312
3592
1879
4936
150
1990
351
2244
4152
1851
5863
3609
3039
1644
8984
1696
8844
3462
1857
8754
1626
3357
2052
4753
2200
1484
5132
1027
8604
6400
4177
3491
9566
8930
6195
5107
5804
9572
9128
6370
9222
6160
5963
8974
8746
6825
7047
3266
9092
6081
1954
881
3582
6419
860
1474
409
407
417
2785
416
1869
4455
1592
2847
5088
4639
1543
4701
417
5081
2965
940
9004
6187
6746
6312
1859
9244
914
6557
5305
3775
6539
6085
5925
689
8782
6684
3523
8990
9204
6020
3235
6257
9114
7068
8816
9168
9280
6349
4862
5888
8582
3533
9388
9610
9654
9324
3241
905
409
935
4491
715
4835
359
766
2144
417
1637
417
3787
401
410
416
948
361
3019
931
3618
1330
363
6887
2912
933
1446
8520
4904
4732
8818
6336
2998
9004
1430
5818
3475
3888
1945
6139
1562
6286
9494
9308
9086
2940
8904
6432
5862
9466
2292
5696
2143
5288
9102
9508
8738
9280
9006
4896
355
3745
2381
2924
414
913
2146
2118
1580
5879
3689
382
5095
156
1518
405
1602
8812
396
1689
881
2061
4827
5066
6049
5682
1488
3698
3346
9146
1565
5627
6457
5109
1694
8742
3328
5816
2821
8802
3743
6694
5820
2793
5768
3537
9630
2925
9114
9592
9316
2151
9410
5722
9078
3705
9076
9300
9314
9084
417
414
4980
413
3532
2065
3655
5851
411
354
2182
415
3698
1910
158
957
156
411
1757
1640
9060
5341
6747
2667
5640
3338
8762
3625
2850
4454
845
5902
1788
3078
1560
8898
4959
3747
2374
1539
3867
9298
6004
3030
8874
5077
6754
8694
8904
5826
9604
5611
8464
9092
3043
8976
9522
5260
8888
5378
3131
362
411
415
6793
8712
417
414
1547
759
2126
400
402
413
161
3068
4742
121
358
162
5554
1954
5442
5767
325
955
9014
2091
1586
1581
4947
2151
1844
1525
3464
3332
1594
358
8508
3543
5639
6083
9464
8834
5878
2775
9066
6674
2868
9498
3584
4471
9736
3756
3471
5181
9140
6519
6682
7190
3693
155
3665
905
415
415
355
409
417
363
406
1376
3001
413
417
2433
1449
361
415
2937
915
1483
1903
693
8624
4721
8818
6552
8938
6251
6652
358
4963
5535
5674
3402
1521
2191
3393
5513
6034
9096
9760
9414
3755
6755
3819
9346
9518
6058
9380
8684
2595
9006
3563
5877
6195
9432
9392
2385
160
1849
4889
414
1548
413
413
414
1879
398
417
409
3206
417
409
415
133
414
2139
414
1443
3459
3764
9036
2327
5710
5835
8860
5481
2817
2088
2167
3290
8788
1904
2003
4042
2973
5940
8596
8666
6764
5378
1593
5021
5299
9130
9604
3688
9530
8496
9222
9280
9680
2370
9582
9082
5000
9220
6057
412
1620
413
349
404
161
408
5004
1577
916
158
1580
157
410
154
3526
1998
6514
407
157
3584
3198
3247
2027
2751
1579
2221
2958
8832
3296
6379
1640
1859
5763
2335
2916
3677
2945
8768
5796
6451
9272
2751
9570
3625
8950
5634
9188
5998
3020
5610
3469
9240
9166
9782
5131
3303
9534
9178
6050
9316
3524
3045
416
3877
3721
3686
2214
4335
2648
347
409
3576
975
162
2245
409
2708
417
393
5897
4815
5567
3752
6286
9154
8980
2813
1875
9100
1697
1904
8462
1657
2795
5351
2116
3443
3219
8768
8822
9052
8920
9170
9012
6839
8862
9496
9386
3272
9568
3599
6130
2313
9288
9260
9368
8958
1912
4966
413
416
1986
1624
1425
1422
887
3536
1430
3685
403
1816
329
5263
406
4634
1710
3121
1632
1611
3083
1379
3204
2276
1481
6691
9140
8740
3581
3672
3772
3455
3165
8726
6454
4913
1546
4724
9310
2014
4698
5572
1911
1695
9084
9462
9102
9288
9122
6774
6948
9382
9086
5968
9426
3701
5056
5809
6834
3107
415
407
1507
2370
861
405
774
410
412
359
3625
400
413
154
414
3062
3502
968
2275
4896
1999
5041
2961
6681
3667
3684
2865
3647
6737
1929
4950
1884
1515
9134
8680
5576
9064
3799
8858
4762
9062
2148
9310
5983
9174
9330
9486
9440
5138
3182
9518
7022
8958
8986
6847
5103
9052
5560
7164
9518
411
407
1575
400
401
395
3592
2950
9080
5010
876
412
159
156
5041
154
401
404
417
3063
2397
1882
8792
8948
6091
2035
5596
1854
4996
3420
3511
6203
3009
3788
9048
2189
6535
4773
6435
8838
7065
3723
6866
3211
9168
9256
6313
9658
9196
3137
9392
5678
9654
4655
9458
6267
9452
2750
6281
8916
135
416
348
3590
409
395
415
898
990
412
902
2166
2948
1677
403
3762
122
1496
413
3040
8848
3531
6197
9122
1613
3720
8926
1953
1873
3765
2757
2216
2929
2380
8800
4791
6917
3638
4787
6381
3697
9428
3287
8850
9106
9554
5555
5923
9236
5905
5767
2316
3119
6712
9530
9222
9376
5525
9486
9138
411
1954
3728
2118
5871
343
417
158
359
3405
410
156
404
1651
1520
5881
1947
417
2055
1546
2257
3577
5954
6179
1561
9132
5451
3662
8734
6509
4733
3543
1267
1904
3551
4892
4751
5677
5632
2985
9394
3448
8996
6725
6013
3644
9540
5518
4633
9162
3696
3694
9442
3800
8366
9302
4327
6595
3164
9574
412
1813
159
937
417
1004
799
4494
410
936
157
1621
411
3117
352
3029
3087
1818
1578
1454
2249
8770
3052
3020
3639
2261
3765
6416
3708
5586
2096
1911
7097
9024
5556
1975
1469
3581
8696
867
9156
9300
6558
9664
9248
6740
3163
6703
9364
9658
5598
6226
4000
9068
8846
6549
6581
9014
8924
9204
1516
1475
410
703
408
417
158
397
405
1473
416
980
5941
3207
404
1549
916
406
6137
1768
1862
7169
3426
417
5887
5961
5386
1854
8692
8262
6321
8702
5725
4775
3042
5079
3763
3027
347
2290
6911
9316
3805
8996
8690
9410
9336
8912
6239
8956
3818
9310
9462
9336
9526
9440
9208
3295
9210
9278
2406
357
1420
1890
1493
1924
2420
2303
709
1715
3690
3593
159
3002
2265
385
3687
913
1643
3309
1770
354
8726
5537
3294
1584
2031
1934
4972
8772
3050
8790
3328
1956
5696
3528
3533
2029
1923
8828
9566
9566
1555
3238
3083
8694
8856
9104
2296
9282
9306
3673
9208
6038
2353
2054
3176
9500
6969
5906
1561
2274
2987
6437
406
334
2795
1507
3115
1437
4362
1569
6383
415
159
3830
6399
921
2770
152
2093
1598
4558
6777
4754
5149
3553
3494
3668
5011
349
1851
3503
950
3640
5300
1924
6361
8740
2305
6857
3736
4790
5038
9084
5182
3414
6715
8998
1335
5068
6543
9470
9566
8926
6133
9456
9570
3041
9248
404
162
416
400
2424
393
161
1483
1517
406
1628
982
411
3430
1501
2156
1602
1605
411
3711
6235
1369
3890
993
3607
6723
5933
8816
3082
5440
3043
9076
2058
2074
2938
1000
1635
8944
3486
4708
9260
9428
6683
8704
9528
9456
9678
6277
2745
5075
3776
3803
9056
4785
9284
9232
6123
8846
9328
6613
149
361
1555
412
6296
408
1534
2028
360
155
417
408
1590
1610
417
1617
3757
398
154
2321
1812
8734
5128
359
9050
6978
2824
3616
6132
3433
9090
3126
8892
5696
8554
5624
2219
2395
3510
5530
6193
1776
9068
6616
9326
6890
5103
2642
3130
4134
8812
9654
9462
4031
3801
4730
9332
9216
9094
5828
352
1601
155
1753
409
137
2189
1581
415
3150
2976
2265
5523
158
403
409
1572
3161
166
928
3595
2268
8674
1757
1461
5572
3679
6408
6366
1985
6892
3606
1697
8810
8752
2238
2842
5864
3096
9054
2190
9516
3084
2911
9122
3776
9738
9084
9094
3167
5999
2996
2990
6571
9558
3227
9380
9142
3707
5895
157
355
159
360
1486
883
1523
142
4838
408
4855
1464
351
3711
6081
1501
2172
417
413
1645
6728
2212
3147
2594
5000
2432
1965
8826
3638
4897
5528
3509
1507
3756
1598
3656
1471
9154
1369
4883
9556
6993
9806
9072
9296
9214
9394
9582
7194
3840
9340
9570
9436
4467
9450
9442
9590
6719
9098
9240
2258
2336
1603
405
2393
1570
3019
416
398
1513
964
2313
3446
2138
3374
414
6870
9174
1811
356
9024
3769
3449
5069
3587
8624
2050
1211
6835
3427
8816
8768
8908
3241
1702
4938
884
8980
3574
1814
9320
4851
5422
2117
6079
6019
9474
6169
6131
6090
5132
9148
8954
9498
9356
5842
5102
9342
3223
5201
3627
412
874
417
410
411
5868
156
347
409
346
410
694
2090
8726
406
2972
409
1830
1504
1800
1712
9472
4012
4681
3797
3787
850
2320
8970
3061
9086
2875
2924
3801
1419
1865
8768
6901
907
3544
9612
9740
3118
5362
6888
6509
8616
8998
9590
6056
3370
9624
9610
5215
9438
6104
3824
5415
1537
3577
2396
6156
672
1874
3539
1406
3143
413
2607
5797
2209
3072
1407
4746
1945
1601
1801
363
2683
5010
2348
1783
1391
1606
4873
4828
9036
3435
3618
6483
2250
1942
8744
2783
3590
5450
2373
2013
6817
9140
9284
5971
9488
9056
9002
9100
9476
5261
3993
4841
9250
9280
6860
9662
3789
9006
1986
9122
9522
361
350
2627
5581
363
160
854
397
793
3114
2298
1576
3532
1664
324
2194
4820
3342
6310
934
3131
9050
4649
1481
8736
9034
3397
1885
5646
6527
6483
2269
3203
6084
8968
2285
8592
3323
1418
6792
3508
9304
5875
9388
2894
9440
9276
8748
6527
9496
6570
9494
9256
6314
8942
7009
7109
3113
5471
9126
2069
2233
343
4951
3063
2941
1569
8710
853
4341
2429
352
1470
402
313
156
3049
354
353
3642
2732
2308
2847
6726
3658
882
4614
5990
1615
6461
5036
53
6021
1741
6718
6003
2218
6436
8904
997
6936
9438
6858
9432
9294
3367
9688
3994
4599
9426
3591
9338
1675
3541
3538
9552
9246
5892
9348
9370
1337
154
5291
2864
2129
416
363
808
971
4684
1520
413
409
361
1592
1614
2304
2963
389
1574
2249
1592
4635
4692
3570
1466
1901
6427
2817
6517
359
833
971
9126
6033
3801
2771
8872
3529
4719
3799
3808
9100
6669
9636
9032
5840
2949
3415
2983
4908
9748
3757
2889
9400
6556
5925
1550
9522
9522
407
1530
410
417
411
1693
417
1760
359
3020
1771
3594
2999
1557
900
1515
159
350
5898
4196
1552
3537
2679
3592
2087
4973
705
2915
1611
1446
5854
3431
2897
4838
1627
1560
2306
3112
1482
3627
5914
6738
6271
3663
4326
9226
9168
4866
9470
9188
7077
9578
8960
2296
1459
9220
9344
9120
8864
4405
318
3174
1849
2336
167
354
149
158
922
3713
1618
4487
775
415
357
4800
1826
1493
361
413
8954
4933
930
2975
6086
3616
1583
3649
4469
411
2032
8722
5560
8826
3706
2976
2156
1593
3530
3003
9142
9182
9426
5131
5259
9490
9328
9362
2398
5026
6869
9736
9138
1651
9416
2232
5991
9396
5120
9650
3439
357
1806
345
3058
3410
2607
1695
3095
3321
5491
413
351
1894
407
1889
3517
1809
352
894
4791
6623
2309
8726
8942
2441
1366
2057
3153
1545
8890
6312
3667
8912
2291
6236
8594
2169
4841
3385
8836
9038
6122
6222
9260
5895
9412
8854
2383
6073
7007
9286
9046
5950
9566
6536
9196
9580
4937
9414
348
403
1515
1662
1562
399
1373
1385
960
416
398
346
407
3719
853
413
417
2172
972
341
3648
5573
3457
3031
5944
9324
1990
2923
8534
952
4834
9100
8724
2857
363
5791
5470
1493
1456
4756
9178
3515
3604
3192
4845
9102
4628
8946
6907
9230
9246
9166
9408
8994
5543
9444
3080
9288
4872
3789
8842
5248
1658
1584
1883
700
417
2096
360
402
406
1768
3323
1551
408
3076
1742
5499
338
3644
1818
8788
360
2015
8954
3413
6427
3503
3114
1032
855
3772
9056
3978
4657
3809
6908
863
8798
1900
8924
9366
905
5482
5880
3578
9406
3904
2948
6253
8946
9024
6499
9162
7027
8638
4818
9332
5009
9434
1520
1973
404
836
344
4488
347
940
5548
875
417
358
157
900
417
352
158
349
416
363
3415
917
8498
3130
8742
5538
1474
3783
2559
1589
4638
3494
8688
3076
8634
1431
3851
8800
2878
2933
9418
5851
9300
9514
9044
9240
6914
3030
9336
8720
3527
6985
2124
8936
9574
9184
9494
9692
9042
3309
159
594
2153
3360
1438
1504
1573
1502
361
161
4741
400
6167
147
1415
851
363
414
413
2313
2901
2999
1910
2251
2252
1599
3521
1540
8590
4754
1478
8748
1550
1622
8948
3562
2925
3494
6968
4740
2977
8908
5115
3729
9640
9512
9404
9404
6683
6661
9372
9610
9376
9300
3807
2860
9534
4740
5386
1539
891
352
1912
777
8802
947
362
1795
1562
2302
357
3265
8862
409
424
357
409
1302
417
1593
1520
5592
3122
3068
948
1933
5738
3779
8702
892
1489
3659
1488
3810
5615
2941
3500
1592
4913
5084
1975
6826
9246
9134
9562
9288
3051
6503
2257
9338
9004
3693
6001
9070
4894
9382
9486
9678
9474
9476
2862
1345
1398
415
415
2305
895
1568
409
357
417
1775
8730
356
625
2260
3003
859
1510
1576
8886
9056
2434
1493
3021
5401
5906
4848
3373
3714
5731
8978
8880
1561
5269
3807
935
6033
6547
3620
6057
5399
6230
6127
8728
8834
9384
6265
9300
6167
2897
9062
9454
8868
9312
3114
6277
2195
4907
9422
1761
407
1987
158
363
417
2807
874
417
417
1433
3729
6304
4666
353
2371
408
956
1574
8692
3041
5429
4715
822
1567
3037
1486
1466
8812
3002
4922
707
5249
4866
2309
6326
2317
2987
1371
3033
9186
9346
9250
9500
5387
9156
2623
9058
3665
9674
9564
9426
2332
2219
6304
5075
6103
3661
9004
9192
8864
360
361
878
3569
9084
412
815
413
416
1574
1570
4678
153
154
3662
352
411
411
155
6570
5495
3579
5419
1327
2354
1805
2779
2972
1408
713
4630
1602
1781
2923
712
8950
5170
8772
3620
3526
9204
5739
3620
5041
9738
6802
9112
9168
5765
9484
9400
9344
9178
9218
9334
1662
9284
9704
6213
362
1892
404
1532
2739
3550
151
405
352
417
8790
2121
1632
2854
941
2024
4700
355
2999
3480
3271
1944
1999
3736
4858
955
2149
1573
363
4799
4896
3316
2930
1849
3521
3687
6252
315
3722
1640
9440
9432
4872
9522
9588
8978
9554
9126
9286
6361
1948
1583
9372
9540
9512
9326
5242
4981
8916
9760
362
2094
1624
403
1280
355
157
147
1522
2072
1488
1771
410
4828
3092
352
2353
408
1550
416
1874
5279
8790
1834
4727
6806
4854
8600
2604
3104
3628
2426
1576
1933
8894
857
4929
2073
3716
1484
5770
9282
3757
5338
2787
7225
6677
9044
5768
9190
9184
9180
6481
4793
5759
8728
5232
4775
9444
9288
4517
1562
1921
1918
3467
150
4672
5477
416
358
1874
1581
416
405
901
3036
2329
1467
3717
2949
8846
8544
5721
6007
1605
1518
5224
3012
3307
2338
5609
8772
1851
1611
6833
8886
8900
4973
4588
8726
9060
8834
1539
9118
3769
9064
3737
9568
6007
3601
9422
9652
6695
6832
6552
3760
9624
2915
9182
9220
5611
355
156
6556
2853
3599
2875
3576
415
355
401
2993
3467
3142
952
414
384
1587
5616
1468
1980
3451
4642
4939
3846
6740
3585
4615
1487
4818
2725
1448
3558
2113
6063
1521
6324
3706
900
3507
6038
5932
9322
9288
6945
6745
9408
9552
8922
9174
9646
9162
2303
5747
6689
5831
6119
4785
9162
9450
413
357
2853
2272
416
6485
353
353
3631
706
131
4684
1538
2804
5503
1733
2923
360
2773
1486
3074
3526
3135
6181
3471
5765
8486
4922
3710
1590
3828
1869
1611
5381
8970
1627
5265
6401
8938
9318
8888
9252
9434
9086
9498
6728
5831
6919
8590
9442
9474
3022
9114
9904
3775
9356
2500
4823
9174
5009
897
385
2179
344
353
361
3484
158
3061
416
2376
363
1835
158
363
1640
850
362
405
1941
3465
4976
3458
3471
8944
3609
4749
5596
8788
2955
3176
9162
3091
3174
3003
8764
3478
8940
1512
2848
6211
4874
9134
8948
6919
4715
2964
9354
3006
6785
9370
6633
9114
9312
9644
9082
6860
1954
4918
9440
338
1916
358
5434
1612
1818
1971
154
713
408
350
1557
4604
3475
4686
679
403
3532
360
1556
4515
1621
2243
1452
2928
2878
2744
2257
3488
6528
8846
8734
948
1530
8938
3407
9170
2580
2414
1611
9618
9294
9268
1516
9098
5743
6746
9536
9470
9440
3465
9364
9368
3257
5334
5675
9242
9414
5156
9098
359
1557
344
155
5074
929
5514
6770
409
127
397
716
417
1623
415
3733
363
413
1618
2681
3538
2205
1880
8860
3677
1632
5732
1426
6326
2887
6239
3575
1569
1982
9578
5254
3530
3685
1409
6099
2954
9822
6788
8776
3649
9136
9398
8624
9500
9396
9102
2632
3736
9548
9638
9384
9434
9088
9274
9342
402
407
104
413
2263
3334
413
851
358
396
1515
5377
871
157
1959
1525
347
2950
417
1551
1948
8798
5885
4735
3576
3599
2903
3523
3515
1698
9292
3572
5976
8952
3273
3798
8852
1844
9236
2937
9298
9078
8942
5078
8974
9230
9230
4877
9018
5014
9528
9276
9380
2694
9212
9078
3738
6331
9486
6208
400
410
351
3184
417
884
1599
2257
407
2954
417
402
3523
1490
362
900
345
1443
5001
355
1597
2936
8900
1301
5789
4764
899
366
1540
1552
9048
6687
1472
1577
1476
9300
3598
3738
9026
1497
2831
2334
9266
9472
5696
4803
9514
9468
6336
1580
3551
5210
9098
9140
3589
1849
6220
9636
2334
6611
1765
358
353
3694
350
363
354
359
1439
1474
1457
2835
8640
1949
1541
358
361
4926
3454
3631
6718
5326
3089
970
3178
1922
3713
6263
1543
6249
5687
3648
306
1530
8658
5115
6606
2954
3499
5917
6509
9380
5775
3701
9158
4621
9480
3767
6550
9038
9458
9018
6020
9082
4951
9260
9220
3875
3502
6292
2303
155
883
415
1430
348
973
366
410
157
414
5660
415
2405
397
2211
362
3736
5012
1504
4605
3698
1429
4599
5834
5276
1470
5517
1900
8924
2204
4863
4794
1836
1599
3864
6635
3428
1557
2847
9734
5105
8756
9216
8848
6648
2479
5600
3707
9626
9294
9490
1583
9232
2650
4775
2857
3130
2759
5236
3555
363
359
1861
826
8718
4197
5537
2957
408
400
2882
3613
2978
354
3104
156
1612
876
3679
2758
4918
1346
8724
8922
935
8768
2968
3037
6978
5478
871
8730
6169
4891
3747
3146
1958
3586
4976
9434
6526
8916
9490
6546
9038
6147
9118
9528
9492
3540
6277
5347
3493
9416
9476
9408
9442
8906
8968
397
3159
2376
1504
2213
1633
919
417
5194
1591
393
1548
1828
417
415
411
153
412
357
4896
1560
4580
4892
4611
6733
5712
6611
2317
935
4223
1534
2155
950
9176
1999
3096
1680
3451
6468
5162
2403
9414
3944
8918
7053
6921
3715
9030
8548
3789
9454
1915
2868
6759
9194
9172
4559
2306
9384
6643
417
353
3626
155
2384
408
3550
2015
2790
4934
403
2035
2024
355
4354
410
855
5387
865
6696
3574
6386
2971
9438
6440
3546
1531
3192
9070
6634
6476
9188
6081
915
4751
2203
4573
1589
1563
3069
9446
9106
9270
8938
9230
8896
2279
8984
8920
9118
7109
9304
9728
9482
4752
6908
5992
3440
6367
5397
413
1471
3136
837
415
1497
8688
1550
2335
3654
1607
1554
152
3138
1816
3133
1527
5720
1550
764
4512
2899
919
8900
8786
4907
8990
2881
5992
978
8646
9168
2860
8932
1789
357
2319
933
1346
6365
9444
9066
3636
9316
5252
3120
6111
3909
6965
9660
9082
6630
2171
6506
9268
9368
9172
1862
9170
1567
1551
980
926
876
1774
719
4823
363
383
3485
1477
2002
1642
162
9142
6465
400
346
350
708
1890
5343
1667
858
2328
4813
3524
1591
826
8852
4588
8894
3318
2005
873
3012
8820
1953
1749
6670
6861
5008
6001
2749
9298
2508
1926
5086
8978
9528
9346
5146
6493
6507
8374
5762
9842
9224
9366
9390
3178
1502
951
834
3105
411
2317
704
3668
3694
415
6042
5052
1516
414
709
3642
402
3091
1851
1680
1508
4907
3613
9056
3835
6602
1462
3613
8984
1722
8684
9148
6608
9230
4811
6772
3636
5008
8806
3953
6895
1618
9206
2108
9630
9246
9382
3240
9170
4920
9714
5496
6421
9380
9394
9664
8990
5087
9336
1457
417
363
1605
3576
8728
1438
5945
4736
363
1527
2437
1641
416
3590
6158
3241
414
1989
409
9060
2288
6557
5579
8692
5791
1496
3834
5635
1842
9112
3159
2798
6060
8808
1864
5563
9042
2811
3608
7049
6927
7106
5669
2324
9440
8916
8714
9572
9026
9144
9698
2929
6578
3113
9424
9416
3500
3789
5756
2087
161
2171
417
2921
361
1867
363
1600
2962
396
410
398
407
403
8876
404
3553
416
401
4986
4886
2242
1486
1870
6809
987
2091
3227
2157
1448
5658
872
2415
2800
951
1524
3506
6054
756
9166
9386
9246
5433
6163
1565
9170
3501
6633
8932
7126
9180
5804
4853
9062
9196
8988
2262
9386
3693
1479
3662
351
348
2210
405
121
2319
399
417
160
905
6497
417
400
416
152
3398
1627
159
6754
8664
5372
4710
4910
1966
3604
2968
2028
3125
6490
8634
355
2111
3189
1707
348
1466
9192
5908
9172
3701
5953
6502
9576
3770
6121
5021
9064
8884
9262
9706
3701
7122
6180
9368
3626
5149
5168
8760
409
2970
417
156
417
5496
5070
1362
1500
8944
2155
157
799
412
351
6322
384
411
156
161
3706
3975
3375
4882
1827
2489
1534
3583
387
3219
4749
6283
3583
3197
8538
9132
3567
3609
5027
4463
9632
9560
9160
3555
9366
3678
5527
5044
9532
2229
1847
9106
5722
9174
3812
9150
6903
8814
9564
9140
2314
982
413
403
1588
406
415
6414
1600
3289
145
417
1871
1585
9034
345
158
399
6501
2895
3171
9370
3580
2114
5180
3339
1588
5833
2873
5382
8930
8926
3670
8954
1914
5623
2757
4749
2252
4645
8878
9526
6730
8914
9744
9686
5858
9612
9396
9422
9146
2736
9220
7226
6813
9584
8944
6959
2786
6892
1286
350
410
3473
3724
395
1993
158
1439
993
405
2021
8732
6134
349
363
363
900
1600
8712
5614
2076
2784
8770
9192
1555
1435
3638
5990
8870
2564
3628
5663
1887
5002
8430
6603
341
2970
5162
9376
5560
6740
9716
9550
8590
9164
9226
6549
9370
2317
6159
9202
4130
5234
9118
9300
5953
9088
4897
362
416
948
390
1686
753
2000
5894
2110
2443
358
410
415
1427
405
138
4219
3501
4670
635
8740
8602
6798
2330
8786
2917
2284
1416
8428
2181
709
6645
8720
4699
949
2362
1905
1522
1628
3598
9054
1971
9456
4796
9334
7200
9186
6637
6743
9606
7025
1381
5009
8778
9626
7007
6888
9068
1823
9670
399
5969
3529
1592
4726
1538
6119
2396
1578
3519
4677
415
1572
1424
3564
361
382
2142
863
832
3140
2084
2143
3131
8868
1565
3407
5634
8600
5685
6125
1860
8988
5075
3755
2836
2785
1620
1525
1527
4846
9350
3119
9426
3509
6781
9398
9630
9168
6025
9376
2270
9028
9214
9238
5505
9610
9390
5327
9302
347
1937
3008
3411
2990
303
5602
3701
400
410
3101
1447
416
363
4060
846
1935
9018
103
414
6383
3554
9000
3709
1593
9038
6390
9068
4818
4654
9584
6755
3197
2126
3079
3010
3348
9194
9272
2481
8744
6218
4994
9298
8962
9604
4982
6590
3399
9260
5979
5886
9284
9392
9086
8846
9418
9234
4277
6199
1456
417
1441
154
6130
5965
4721
3011
6157
938
866
1894
404
1648
968
411
2351
5792
417
361
4424
984
8916
3523
3548
5356
6382
1845
6039
1974
6722
1724
2346
8608
8942
2825
5612
8880
8696
1586
9468
7020
9088
9358
6069
5403
9038
5954
9640
6087
9350
2761
9426
7042
5977
9536
9408
6695
7092
6206
410
363
160
407
417
398
8872
2006
156
398
1962
351
2004
836
351
5763
2105
322
1605
413
9230
1548
1709
936
9072
2149
6114
355
8908
9304
2838
3489
5052
2262
8874
4954
3493
5613
8994
2681
9398
9008
9556
4856
6020
8982
9488
5942
9194
1576
9380
8890
9400
9390
9790
9416
9422
9470
9688
6008
3128
3108
358
360
2995
1483
157
3016
95
5969
163
355
361
8734
2971
363
414
3674
3158
1960
5431
9132
1614
5910
5342
3002
2624
3419
3500
5967
4703
8426
5612
5853
3242
6562
5539
3551
2216
5210
6245
9058
9322
6380
9552
9506
1930
7034
8918
6607
9406
3647
8826
6561
5048
9390
9288
5062
6293
9482
370
2213
1572
1630
1583
355
1591
1564
363
402
2094
768
1536
1477
342
1896
417
416
1695
1924
8970
4643
2257
4748
9062
881
3637
8982
6823
1792
1541
6606
8960
3000
9074
5397
2239
5089
3751
5102
9170
9036
8728
9024
9430
6612
9152
9362
3718
9474
9310
9168
9488
8928
9342
9040
9500
9156
8932
5842
399
363
1464
412
2168
1960
992
2232
2001
347
417
963
6625
361
1908
933
5075
353
152
417
5136
5070
6217
3135
5901
1568
1271
5904
3574
3335
6105
3621
2122
2103
8680
893
9296
3078
2176
4920
6889
9652
5024
9238
5397
9432
9406
9106
6571
9300
9348
9236
9380
1544
5802
9696
9408
9248
6824
9102
5791
899
814
1482
6321
943
4753
406
1782
2060
2254
2299
360
1633
363
875
3731
2180
1557
1966
8892
7061
4804
3610
2997
3871
2277
5299
1895
1440
3048
2335
2189
3690
6269
1559
6368
3460
6603
3598
3092
9280
5157
9394
6672
9550
9372
9186
6827
8834
9130
9534
9182
9014
9396
9510
6899
9228
5866
9572
363
353
363
358
350
6373
394
5586
410
1625
2118
151
1747
117
6332
162
3079
4689
5674
868
1494
4994
3138
8892
3700
1787
1630
9028
4851
1492
1768
3735
4559
6037
3731
5749
6062
3154
4542
9244
9328
8744
4508
9444
9448
4876
9380
9516
4313
9338
6237
5285
9400
9592
8918
9216
9664
9134
6680
6549
356
3461
1751
417
1560
848
1458
408
344
415
1670
153
401
401
915
1951
1729
5684
342
353
3654
9192
3704
3159
6141
6040
4932
5741
3028
1608
1622
9174
4794
9002
3460
8908
6717
4723
8674
9120
9258
9406
9352
9034
9268
6983
6666
6987
9632
9358
9292
9506
8996
9538
9280
3814
9428
9124
9322
8850
1333
1623
3457
6690
4409
2070
867
1629
347
362
5042
3166
1535
356
930
1519
1634
6390
1490
408
3576
3968
9184
9120
3114
3492
914
4943
6560
3032
1818
5059
3424
923
1607
4912
9110
2209
9062
6374
9580
9152
9410
6061
9512
5147
2382
8914
5973
3037
9556
6934
9460
9024
5815
9344
9726
6002
9474
3580
1659
159
1527
2358
2026
868
926
403
347
3423
1553
411
2846
406
415
880
355
2126
356
416
9094
9146
3758
2148
4961
6107
5558
4701
1583
5781
915
2048
2027
6182
8690
8980
4712
3176
3368
8954
5721
9366
5081
9702
9388
3717
9056
1627
9482
4955
6607
3896
8870
7115
2277
8838
6705
8976
6043
8962
3213
1250
1598
363
408
410
343
3822
4676
980
3515
5521
353
9006
346
860
3588
358
2220
349
6577
3059
9036
6608
2147
3045
5678
2214
4771
2414
9048
3705
2859
4851
1965
2879
3099
5898
8826
5831
9018
3809
9478
6614
9564
3786
9464
8902
9158
3672
9054
9354
6996
5861
8790
9220
8726
4283
6508
6998
2111
363
305
3297
1607
338
4691
411
152
3701
361
1581
400
2277
1564
1582
156
107
3577
8732
9428
1903
358
5144
1630
5082
2758
2017
8788
1537
9014
3381
3006
9098
2208
6127
3316
1782
3054
3653
1956
9152
9322
3213
9724
6574
9324
7039
5066
9324
9284
6953
9360
9358
9148
9184
1856
9034
6602
9682
5459
1522
352
3562
148
2244
4723
910
3458
417
5916
1481
3673
324
360
352
916
2003
910
899
3595
3633
3424
2303
1483
3586
5889
3428
2283
4308
8998
4555
384
5724
1541
2886
1437
4899
2147
2143
9128
6399
5282
9394
6389
9212
9414
8994
8868
4904
9446
9252
9084
6859
9464
3873
8760
9342
5261
6569
2091
2709
1597
390
1935
2363
906
417
6001
4915
156
2735
1465
1762
6584
363
357
341
8874
415
4989
6627
9234
1577
2924
5901
8592
5542
8604
5835
5432
6704
8650
2987
5599
8906
5047
8984
8922
992
9456
9650
9668
8866
2993
8976
9546
9358
3870
8856
9612
5024
9406
9482
9508
6393
2324
9320
9294
6559
3671
2427
3511
412
407
1929
903
797
1589
862
363
360
348
2777
404
343
344
411
3538
1741
3786
5875
6571
4768
8836
1436
3013
6506
2363
6106
3598
1612
9028
4695
5109
3605
1547
9428
6595
5550
9394
9106
9172
3094
9610
6250
3184
9242
1549
9200
9614
8962
9294
5852
9398
9452
9348
9044
9480
4757
1500
359
1566
6469
1540
149
378
2978
417
407
1367
8708
3810
357
352
3552
1584
8748
9116
4955
4748
918
918
3519
5110
3072
3963
4445
2382
6685
9110
5280
5803
8738
2052
8840
5975
1936
745
1497
9828
9356
9206
4638
9652
8844
9274
9114
9348
9352
9018
9170
5933
8844
8948
8834
8944
9784
9084
8744
363
893
715
4898
3047
352
5843
1575
895
402
4542
1405
1484
158
759
1664
159
825
3887
4859
4904
1871
8738
4898
8840
8896
9092
711
3849
8592
3254
1540
6401
5743
1656
6617
9042
8874
8910
5267
2349
9304
5437
7046
8380
6775
2415
9198
9050
9708
6033
3954
8750
9362
9370
1509
6317
9140
9312
5807
1598
410
403
4867
407
414
159
355
416
3377
1887
1621
1676
405
907
1748
359
9036
5560
402
9092
1857
5673
5723
8664
5142
3676
2750
3794
1631
4879
6718
1526
6125
9004
8864
9250
5219
3065
2340
2097
9690
6696
9520
9372
3748
9492
9156
8798
2644
4938
8946
6770
9264
1356
5151
4891
3657
7261
6876
411
1591
6500
919
162
416
3442
398
407
105
4718
1399
349
3045
407
3644
400
2974
949
344
1685
8994
8776
9170
3908
921
8976
956
2266
950
8846
5892
2696
6024
5949
3575
2031
958
8974
1557
5965
9330
9272
9324
3378
5528
9216
5622
9214
3949
3571
5162
6601
9122
9396
9492
9578
4563
3640
9420
3071
341
2459
417
1387
3739
405
1469
108
2120
867
3486
3107
1478
2316
416
412
4594
2292
892
6581
3674
8922
1484
2735
4729
5521
5545
8564
3165
5132
2403
1932
6728
5836
4957
4917
3506
4652
897
9090
4571
6466
8714
1730
9146
5491
9480
9338
9352
6645
5577
6163
4744
4669
9464
9084
9460
9518
3692
2991
2640
1791
1891
158
1303
1555
406
1481
1878
406
1351
416
2973
357
359
120
344
5488
130
8524
4801
1458
1567
4246
3405
3526
8770
5820
5550
8774
1868
9118
3407
5700
5879
9096
5728
3183
1622
9346
6266
9252
9340
9184
3276
9674
9010
7024
9110
9536
4743
5863
2875
9384
9214
9318
9406
9222
9196
4527
2115
3248
2321
417
161
2767
4803
883
4489
5144
1486
1962
1705
3512
353
3677
8818
413
362
3729
3693
8790
2061
9008
2304
9132
4844
3023
1648
972
6713
6414
2100
6957
1615
1549
1563
1462
7016
2213
9504
9430
2590
6006
9700
9022
3617
9192
9098
8942
6358
3004
8982
7095
9284
8930
9334
3881
9442
411
3418
9018
4758
3087
1839
5639
157
1536
358
2011
3596
3649
362
3114
2223
353
2810
341
350
4598
9002
3963
1707
8822
1960
1629
4985
998
9172
915
8560
9110
5046
8962
2359
9118
5029
3482
6019
9118
3821
9632
4921
9340
9602
9538
9666
9444
9150
3095
5955
9550
6988
9246
9464
8990
6151
9286
3099
981
363
346
904
158
2166
417
869
1831
405
154
3289
3663
411
2222
698
408
8854
3011
3532
1864
1518
3718
1606
9548
3422
3556
1968
1918
5216
3621
2175
8812
8948
3020
4227
6227
1513
3498
6347
9580
9452
9166
9168
9004
9368
9660
5271
9140
6615
7181
9162
9474
4741
9238
9066
6278
9326
9484
9122
416
1557
360
416
1587
2874
3389
3154
1988
1529
352
3164
2989
2177
352
404
343
4563
412
363
5109
1692
5729
3074
350
5670
1972
9056
2088
5883
5366
1969
6193
9092
8772
2993
373
977
3909
986
9256
6713
9212
7058
5179
9400
4972
8842
9200
9172
8964
6805
5843
3927
9366
9290
5918
6369
9136
2189
3564
2189
997
4026
358
1582
3729
1616
2193
1600
362
1324
2999
1535
905
897
2278
350
1632
1955
715
1597
3675
4095
6018
3560
1579
2894
6691
9100
5129
3013
1537
415
2247
6250
1508
8988
1418
3616
9200
9426
6357
8968
9574
1802
6911
9254
9414
5982
2258
6071
5518
5784
6722
9616
2084
9016
9128
8888
2165
1882
349
120
1263
9060
4280
3065
363
414
1661
8768
3822
1494
157
2016
6064
1939
1656
5173
5386
5231
5715
5538
1551
2944
4931
5995
3599
3696
2712
2483
6406
926
874
941
2452
3821
5108
2407
9466
6296
9188
3849
9534
6686
3034
8626
9148
9604
6564
8986
3151
3755
9512
9572
8876
5607
9562
9592
405
334
343
415
4918
2918
399
353
3579
2768
391
1823
416
773
351
5827
338
4737
404
5594
2774
6750
1590
3628
4971
8760
6942
5004
4666
5943
4824
2155
1593
8706
5040
2702
5756
6028
3416
363
6461
6992
6780
6796
9024
4851
9392
2878
3207
3808
5616
3674
3666
9488
9760
6552
5171
9424
5793
5109
6019
937
151
363
1564
150
5989
918
362
3396
816
1853
8714
411
2975
360
362
416
8796
1503
1575
1602
1917
2128
8990
2882
4552
986
4548
4949
5697
2537
1932
6662
3266
6354
8824
872
897
2781
9450
9036
8940
6844
4887
9212
9196
9264
9166
9630
3595
6427
7093
9210
2169
6676
5751
9550
9516
9254
823
1477
5861
406
979
401
304
1503
1581
350
155
1543
2125
412
2252
5522
2310
346
1920
2751
3711
1652
2898
1920
3751
6411
5959
4906
5984
3399
1653
2090
5294
8842
3784
4666
9322
4459
9252
3775
1602
7221
9122
9512
9660
9224
8838
5764
5590
3730
9058
9662
9524
9460
9486
7060
9100
9246
6552
9388
4817
8838
343
353
4884
347
4913
3514
399
2181
1583
397
890
2980
3725
2956
149
345
3686
417
6374
5015
5738
2938
6181
2226
9022
8644
3090
3698
2768
3061
8546
5767
9074
3022
2063
3190
3762
2860
9144
3413
3840
5998
9476
9450
6560
9566
8792
6995
6691
5712
5723
3152
8716
8888
9636
9182
5091
5634
402
354
1649
3023
158
2117
3559
354
356
359
3586
1951
882
905
363
3083
358
2856
405
3350
2246
2107
3458
5782
9270
1547
1604
3694
8636
4927
2165
1576
2297
1607
3616
5330
1879
8968
4861
4006
9486
9222
5859
6039
3834
9018
9564
9614
4650
9040
3678
9580
9364
3542
9832
6186
9560
8748
9492
4851
413
6177
5019
147
405
417
779
360
409
155
363
4861
352
354
148
363
6355
3500
1546
2136
2566
2373
9642
8982
9214
9062
3338
4928
9070
1535
6614
8912
1629
2758
2850
9052
3183
2255
8994
5228
3816
6024
5104
3127
4798
9046
3337
6110
9394
3160
9464
3643
8880
9470
3834
9474
9326
3677
4961
8998
363
3778
3097
793
410
1861
417
1473
823
406
407
829
1559
1284
417
2987
351
412
161
359
2217
4596
6414
2997
4812
3360
5993
9280
5793
9106
5670
1541
9162
9114
1855
3445
3376
4486
6208
2996
5317
9174
6040
9328
9462
9306
9218
6887
9662
3451
3604
9102
9134
8720
9382
9436
8908
8840
6878
4822
353
307
151
2328
3717
361
342
883
4831
1511
394
1723
351
350
346
4979
2910
2879
6655
4893
3734
4884
1486
3675
4642
9076
1629
9204
312
1337
8622
358
3904
6974
1513
1977
5377
350
1484
1657
9044
7166
6598
6979
8864
6654
8694
9246
3876
2205
9534
4764
5858
9154
9024
9580
9648
9042
6642
9510
2111
359
3541
397
360
1635
3783
2319
1546
393
398
3536
2830
414
406
962
413
4812
3806
2589
3647
3166
3814
1442
4791
3572
9002
950
3216
2761
6025
3635
5130
2259
2904
6011
3719
1766
6284
1549
6230
9604
9296
9144
9322
9586
6119
1480
5298
4787
9104
9140
6588
5058
9156
5734
7109
9278
6911
8924
2145
1623
3073
1483
1637
409
151
357
6123
728
3072
1974
1962
400
360
1449
5086
8704
6323
359
2138
1956
2436
2970
1952
5096
3704
6457
8820
2304
4885
1845
4577
1472
8976
8680
9182
2787
3454
5744
6779
9408
5819
9216
5996
9480
9616
4715
7106
9424
9532
3461
7123
8942
5896
9548
9106
9232
3449
9266
417
158
360
1607
8830
983
396
411
157
5061
3369
5781
363
1803
1468
2191
397
402
822
2425
6782
4953
8590
4740
3919
5442
6385
5136
9118
9130
924
6571
8830
1896
6600
5655
9078
1537
3726
1959
9330
9470
6949
9026
9216
3793
5771
5091
9360
5130
1846
6353
8986
9294
2372
9100
9314
5517
5833
6735
1874
2018
2438
657
415
5280
3554
859
401
411
904
847
2545
5472
8544
2110
894
1474
410
406
3548
3858
1836
4950
1667
2732
1530
3764
3156
9124
2269
8852
6140
1959
5108
6040
3619
5904
8732
6653
9558
3443
9090
6472
8924
9192
9592
3361
9600
9190
9572
9210
5890
9296
9404
9344
9436
9122
8916
5420
2972
415
403
3629
2079
8924
874
355
943
407
982
407
350
854
3636
9132
1653
3667
5508
2625
3489
5026
5807
5460
6044
2957
5771
3006
1798
882
3219
1872
8668
2861
1641
3023
5266
5030
4577
3427
9148
3741
6023
5717
9040
9596
3619
9312
9248
6804
3760
5071
7283
9158
2346
9872
8920
9020
9284
3945
332
1578
3674
2131
3146
3375
3508
1536
389
775
332
1339
408
2153
1812
359
734
3024
900
3504
9150
3565
8406
9340
5084
5441
1596
2291
3787
2268
1932
2924
887
5038
4105
2124
8858
1845
8892
3502
9364
6233
3737
9752
4625
9338
1604
9688
9630
9710
9560
6456
9752
9036
1883
2855
6289
5279
8940
1650
417
892
1573
1909
4824
2181
4267
1567
692
5277
410
350
6383
158
2180
408
1557
123
1577
999
1852
5051
4689
4674
1955
349
8512
1565
3613
988
963
3365
2877
3912
3522
4672
3440
8774
8744
5868
7024
8976
6989
2880
9128
5398
4742
8658
9322
9464
3675
6030
9166
9370
9624
5796
9298
9310
5809
2786
4706
407
415
4751
415
8808
6057
406
1606
2269
6175
165
357
5649
5719
355
398
3125
1519
1451
9172
2990
9258
910
2207
878
1459
679
3693
9068
2228
4237
2237
8884
5110
2686
709
3726
3055
6736
5887
9298
8950
9586
9676
9074
9324
9262
6575
3330
6789
9416
9062
3183
6277
9468
9302
9430
6002
9430
955
3540
358
417
1358
871
405
361
3664
403
2922
1852
8920
2043
412
8676
2880
139
2291
3225
2535
2811
2268
5811
920
931
8762
2940
3738
5446
5507
4747
9042
5696
3663
1653
3134
1945
3677
3122
6645
9652
4911
8752
8986
1985
9688
9438
8688
6365
3117
6915
9702
9232
9346
6389
9486
6663
9642
9446
415
3670
405
1621
682
411
2898
397
1639
346
398
2099
1798
3073
3518
4868
852
3402
1923
947
9336
854
930
6651
1487
8478
766
2926
3275
6656
3453
907
803
3587
9340
8456
2958
9068
5579
6757
9134
966
9068
9044
9262
9104
9280
9136
4996
4891
1599
9244
9216
5932
3891
9362
1939
9230
9462
6036
152
3717
1522
2264
156
404
4785
2915
3081
1583
345
151
164
5734
1932
3481
2180
1822
157
1495
3135
3613
1529
5271
8954
3211
3649
4148
8998
4967
2306
6941
2649
6356
3466
1423
3052
5732
1490
2606
8930
9076
5781
8774
8590
9406
6825
9464
2417
4922
3947
9666
5954
9432
6221
5818
9226
6756
8978
5281
4816
342
2150
1578
414
4614
413
2673
417
408
5124
417
342
411
1549
408
3640
947
1768
3260
842
2998
2216
4846
6355
3072
6410
6457
898
3559
884
9234
4814
5908
4114
9350
6620
1722
1641
3418
8816
9166
9024
9696
6951
9690
9216
8944
9610
8822
5885
9436
1488
3640
4796
2920
9528
9498
6223
9166
1388
399
396
1448
159
398
5294
8828
881
3551
2738
363
2214
152
1503
152
151
406
406
1658
3788
4996
2794
3093
5744
1544
2173
1538
6382
5827
2270
5051
6419
4668
1465
4832
9218
6900
3324
3380
6382
9046
9316
3740
1584
8952
9410
6239
9604
9464
6532
9310
9118
9620
6697
6353
9090
5877
2364
3378
1944
1485
2786
361
1898
1395
3574
996
1564
397
417
2137
3905
326
4161
1586
401
415
361
402
5814
6622
9112
2429
7053
8786
2084
8892
3129
5779
1539
861
1548
4804
3512
1372
5678
1582
8950
5029
9282
9104
7269
5286
4607
9106
2318
9222
6801
8910
3616
3279
6625
3044
5830
9312
9532
9804
6371
3426
3500
2306
870
2396
890
3808
3116
2267
1888
407
2031
2722
645
3510
409
3010
1600
9018
349
3063
5842
1667
3215
6506
8908
1737
1615
3639
5786
908
2549
6086
3790
3467
6592
8936
6124
1761
2414
1624
3122
9176
5661
9404
5287
6269
5800
5983
9360
9728
9364
4737
9200
2964
9682
5228
9084
6080
9310
5472
388
1662
396
349
157
1581
1788
3116
3843
3105
1914
3646
983
914
2351
1517
8910
881
3314
3412
3785
8938
8814
1964
8952
4872
8778
6726
6490
4793
2128
4512
6527
6857
8782
4697
3723
5001
9296
4185
9292
9396
5304
9092
9220
4895
3293
9488
5467
7238
6640
9524
6496
8968
9060
9566
6800
9246
9338
5213
159
2857
131
1561
5519
8650
1734
948
410
148
1327
417
3473
5036
904
404
5659
5945
412
156
3573
2342
3551
5382
3451
1987
5882
1594
4936
8706
6301
3861
6725
8912
2161
8974
1612
8596
6031
359
9238
8614
9422
9242
9278
6561
5636
4705
5251
3715
9534
6875
8886
9266
9514
9246
9370
3536
4966
9418
3744
360
866
153
877
412
985
3645
413
1633
2817
5048
417
1507
9052
396
405
1493
1645
1925
2683
5935
1549
8876
6881
940
6077
9068
6012
6225
9056
5879
4921
1521
8982
1518
4997
1552
3755
1756
9054
9426
9054
9510
3538
9334
9204
6500
9058
9462
7192
5422
9234
9048
9196
5231
9396
6106
8868
2383
1848
1377
2224
1536
5839
404
1608
403
2227
1474
1645
1575
372
3495
351
402
406
354
3084
1465
845
1884
5475
3526
4861
3616
8598
4769
1505
1576
3596
2152
3006
1594
6946
3756
5233
1591
6026
3027
9290
5701
9172
3723
6690
9326
1932
9388
7187
3322
2151
5623
5939
9374
3788
9376
4962
5079
9362
9668
153
1817
3746
887
928
9144
2610
2234
2161
1450
2093
406
1579
2136
89
1367
353
4555
950
417
4619
8848
5862
2970
3225
1945
3788
5774
1978
8804
3484
8768
3777
6390
5649
6592
5332
8942
6421
6464
4804
9224
4425
9312
5833
9318
9326
9520
9124
6076
2026
9136
9084
9440
5984
6377
2190
9594
9370
9672
3607
1574
1906
414
911
408
356
1540
910
2259
1918
883
405
5792
1917
398
1618
2286
407
944
4873
9118
2018
8972
5004
2072
1771
1995
9128
9356
4997
4920
6229
2362
349
2978
355
1942
3673
944
9248
6004
7529
9538
4871
9110
9452
9492
8934
9398
5051
9266
3692
3473
5054
9282
9196
8980
9390
5937
2073
150
421
853
1651
3472
354
6583
5519
357
402
403
406
1598
404
411
902
157
8694
3554
5776
9054
4847
8880
7055
3574
2030
9016
6496
8908
6976
4480
8906
2171
9434
3746
1939
1477
6675
5106
9138
6827
7093
9352
9122
5639
5193
9176
2314
5883
2494
6968
6083
5207
3467
2875
4871
9702
9730
4903
342
404
3555
3017
2906
8772
404
402
5485
3593
354
1389
1623
3677
408
403
417
407
1558
2245
6118
6067
3579
3068
8760
5788
6384
2344
881
6667
1454
705
3272
9206
8858
5199
3846
5638
8890
9210
9290
2350
8916
9206
8700
5126
9302
6147
5642
9564
9672
6090
9506
5865
3691
3598
6763
9048
9056
9452
405
9144
2221
930
1617
2719
1378
409
362
358
5546
345
985
355
1537
832
413
8932
355
349
8934
4998
753
9172
2248
4902
694
3168
4708
9336
2579
2335
4868
5710
5017
1530
8990
8966
4250
5093
9208
3654
5970
9154
8724
9578
3764
5675
1387
2411
3744
8638
5225
3671
6414
2325
9352
3772
4153
9136
358
5539
160
1549
9322
361
887
4095
3679
155
414
152
8982
417
1633
5864
350
3516
3172
1902
3691
397
8878
8722
930
3698
3848
3671
5670
3762
3537
5493
8922
3109
872
355
5529
6754
3786
5103
2804
5585
9300
5298
8998
8838
9052
8904
6122
5933
6415
8810
9530
7064
6630
9300
4912
5664
2146
3763
342
3245
2235
407
1580
3516
3693
3543
360
363
907
424
3628
399
416
346
6149
912
1976
353
4607
8974
4280
1395
3729
5977
9186
6797
9206
4785
299
1465
3771
1965
964
6498
8838
5219
9278
3063
9172
9664
9188
9444
5924
5743
9580
9044
8674
9828
5317
9560
9354
2304
9120
9324
8810
1869
5069
9506
414
356
893
343
397
8452
360
153
6563
3036
363
8920
407
415
353
4950
3409
4915
937
3639
2890
958
4854
6422
8892
356
3658
8800
2258
4453
5193
9052
4834
1942
371
2705
3359
5635
6144
3478
3757
3748
9060
9336
9260
3045
9386
5520
9556
3799
9192
5979
9118
2277
9112
6685
3281
3421
6893
5760
1629
8616
2031
363
8758
1808
417
411
1816
361
707
350
3846
1593
358
1644
363
359
400
5817
3448
905
9104
1680
4761
1491
8842
1999
907
1589
5406
3745
8826
5633
1464
2613
983
1661
4806
2910
2685
9178
9550
6435
6782
9204
9362
9596
2293
6545
9266
2969
9332
9234
5745
6467
6365
4077
9306
9108
413
4435
402
342
360
3528
358
1659
3074
352
1893
351
350
829
1558
1562
406
362
147
2966
1656
2018
1976
5203
6098
6888
8706
3576
8850
9002
5002
6175
925
2217
3581
5690
2900
4897
2134
6856
1922
6174
8676
9216
5876
3756
9484
6035
9088
9488
5336
4678
2972
6580
6411
8874
6136
9036
9342
9278
1476
417
795
1337
411
408
920
3125
417
913
4491
8806
350
2232
413
3813
891
8928
968
1815
2267
8646
1497
9036
9122
8900
2931
4921
1951
6688
5233
2623
859
8856
4728
1550
4968
6466
5927
3613
9118
9290
8800
8968
9630
2986
9514
2044
5321
9272
9052
9472
9432
5070
2388
5478
2120
8940
9456
9062
6480
408
5098
402
1577
345
3330
2222
353
152
1489
1561
3516
348
910
1367
1479
1753
917
4817
1321
915
2725
9046
940
3448
9026
3121
1536
2650
3718
9008
9284
9056
5511
8536
2485
2886
5797
5326
6644
1942
3899
8956
3338
9158
9512
8776
9528
3410
3702
2159
8896
9008
2353
9768
8700
9382
2093
9482
347
6192
1517
360
9226
356
410
3072
1962
855
346
399
5435
353
2312
1551
401
360
354
4828
1533
4076
739
4967
6854
1596
9140
833
1650
2844
3801
8988
868
8644
5055
1668
8900
1501
6252
9256
3025
6830
6040
9418
9406
9498
9304
1952
8676
5555
5348
9398
9628
5363
6301
9266
9340
5264
3306
6849
3398
8800
1572
1702
2289
1562
2095
6349
2697
361
411
1750
1537
351
2085
3652
158
935
837
2743
9116
2021
719
4650
5386
8774
2171
6241
1746
9122
2915
4820
1507
6502
891
6368
9012
2242
5849
872
9250
4952
6578
4748
2221
6735
4815
6507
5675
5842
9194
8924
4782
6848
2416
4817
3704
2865
9664
8402
399
346
2122
5562
153
395
922
2357
1952
4684
2049
4487
913
345
1943
408
3538
911
149
346
6531
2341
4680
1323
9186
6443
3835
6460
3635
3036
3517
1461
8692
4618
1056
1564
3627
3714
3622
8386
6588
9496
3204
2331
9172
6027
9092
9058
9452
9154
8996
9284
9326
9098
3505
8996
9262
9326
9430
9384
352
3604
416
359
3783
984
1569
353
358
404
2345
353
3478
1532
354
5687
417
877
3563
3616
5143
1473
3079
6349
1677
363
9258
3362
8564
8940
917
2242
9078
1956
815
3504
6528
2737
4475
8684
5849
5454
9470
9158
6560
3633
4609
6598
9540
5849
5798
8874
5515
9644
4567
9570
9430
5917
9264
5575
3365
1599
1545
351
932
406
906
3559
415
412
353
352
355
415
1549
3115
351
417
1687
414
3259
313
3109
9042
5184
8870
9072
8928
5036
5553
8818
2853
9016
8878
8796
2638
6763
8690
3728
2328
8666
6987
9294
6544
2008
9140
8988
6462
8968
9130
8958
4730
5140
9292
9142
6509
9382
3548
9200
9240
154
1378
2716
350
356
1614
1352
362
5550
1247
410
3527
356
353
388
1601
158
363
353
954
8850
3480
5296
8856
8400
3651
2088
1556
6103
1601
1582
3348
2165
1917
8852
3173
8920
3494
6100
3319
9476
9096
9168
9408
3614
9554
9492
9640
5186
9000
8980
9204
2220
6757
4928
2788
9356
5329
9222
5144
3652
1850
2122
8774
398
1399
3115
9132
2012
1604
1496
2317
343
1612
2833
839
3161
1162
1612
1552
3704
6333
2155
4710
6482
6499
1549
8438
2910
1838
8772
1551
6677
8910
2821
2262
925
1619
9050
1530
6567
2117
9416
9408
9226
6094
9096
9258
6516
2942
9066
9218
6322
3084
8740
8948
5454
2818
3916
6491
8666
4987
360
1648
159
354
3172
942
154
1375
6471
362
3010
407
407
900
154
416
951
415
5805
363
1633
8716
5810
6363
3123
6971
2946
3479
5379
1600
3378
2988
2468
6874
9186
8678
9336
2172
9304
7139
9174
9282
5815
9148
2291
9542
8910
3495
6873
2922
5694
6041
9078
1432
3719
6068
9392
9806
2750
5437
2249
3862
1440
409
752
1568
161
948
114
1532
2621
319
6118
359
416
5265
2651
8906
5181
2773
4780
360
8734
9096
9362
1892
6607
3606
3422
3047
6072
1531
3434
8946
5212
5333
6770
2947
6819
960
6833
9020
9048
6356
9136
6525
6918
3413
8478
5271
5945
3885
9420
5254
9240
4710
1899
9020
405
351
3603
889
6283
406
363
3454
1633
1600
1821
400
3631
406
416
362
154
1935
405
150
9288
6116
8824
2283
4664
3638
2090
5078
8716
5810
1580
974
5586
5618
3790
4675
8754
5712
2979
6467
3550
5558
9454
5179
9540
1592
3730
3346
5220
9542
5797
3748
6410
1981
3747
9608
9678
9254
8766
9680
3429
4508
1507
8816
4627
5875
359
1646
722
1706
2860
2228
979
1393
408
1544
1575
2971
407
3042
2909
1560
8652
6726
1380
2337
8932
3594
3841
8770
4323
1540
2273
8702
3822
1588
6615
8798
937
1909
9492
9192
2301
9230
5085
9346
3611
1744
6949
6900
3739
4231
6116
8982
1740
1876
9682
9084
1568
3532
407
878
363
4342
404
1535
1544
1961
416
349
350
407
2645
860
337
4634
1539
3226
8428
3573
1343
9074
5785
3579
8728
909
5109
2040
1570
2946
8526
5962
3185
8574
9104
4719
8964
8722
6030
963
9500
2050
3332
4747
3518
9056
9396
9706
9550
5732
9018
5807
5360
9000
6811
9498
9452
5492
3211
8922
145
1894
1496
2960
6317
4312
1645
406
6090
1856
3022
3538
411
2365
6057
5126
7077
1542
4885
407
1491
818
6838
2923
891
1416
4793
3693
9004
9124
1946
9150
9164
3769
8726
8918
2347
1201
1783
5829
5510
6980
9612
9288
3218
5717
6796
2809
6576
3714
5689
9574
3612
9508
2283
6842
2638
5383
9442
3607
356
1615
6813
350
407
5602
4812
358
3576
1522
3724
1689
1944
6383
403
3675
125
358
161
403
2200
4870
6389
3060
2305
8788
3505
1569
2888
9098
8968
2982
3479
6886
3774
6684
4760
9174
8692
5122
9022
6826
9282
9342
3711
3265
9414
6890
6490
4797
6910
6814
9280
5983
8998
9154
9024
6573
9112
1537
1985
2726
2893
1482
1363
2024
409
1402
3621
1574
346
4989
8712
3439
417
5207
3717
931
164
409
1960
1493
1576
8954
6053
4581
5865
6314
9220
2071
6817
3561
8884
2300
5997
5923
3525
3758
3053
2794
3775
9552
2009
2598
9254
8992
9534
9362
4956
6787
9342
9578
8880
6873
4804
9440
9454
5972
9770
3055
1577
6089
2095
360
361
1557
934
1681
966
345
8672
6882
3165
1975
361
152
878
6503
354
842
3443
6649
1695
6231
4667
1837
8908
2530
5585
5999
3429
5766
9154
3380
9026
950
1732
5129
2795
3668
9366
9122
8986
5393
9042
9244
9310
9178
9458
9292
9478
3601
6188
8898
6868
9406
4699
9302
8826
9096
359
1588
417
3818
1824
965
4934
412
153
4536
4300
401
309
400
347
348
405
415
4497
362
4564
2452
4540
5936
4904
9324
7056
887
1527
1889
1051
9130
5233
3527
4711
8802
6089
9170
5292
8942
9048
9330
9130
6686
9394
9276
9074
9310
9120
2224
6790
2796
5885
8926
9610
9850
9348
1536
9054
9096
412
350
360
5705
3623
8766
1511
5670
1589
399
1606
8880
8572
1921
330
5721
921
1408
1616
157
5689
3552
951
6296
3622
933
8866
2361
1316
1638
3725
6557
9248
3129
3133
5703
1890
1631
5050
8896
8976
9414
9436
9410
8744
9698
5379
3047
4125
9470
9572
9720
5977
6666
6110
9540
9502
3059
9198
4716
1513
349
1650
4492
348
1794
1641
2944
417
3598
355
2872
363
1976
354
363
6451
866
1552
877
8994
3687
6376
2042
3562
8980
8780
1612
4736
6595
3770
966
6747
9050
3825
3475
4861
5370
8924
2373
8668
8802
9146
9760
5468
6055
5724
5234
3575
6257
2636
9110
8904
9272
6832
9412
9170
5049
5064
1874
144
412
5498
363
818
407
412
2936
160
345
405
3746
1396
1439
2020
3672
353
1322
923
1607
8756
3287
9370
9158
5580
3627
1365
9150
3976
6617
1469
1485
940
8702
6293
2613
2945
1928
6412
3146
9522
9344
2949
9970
6715
5379
9490
9278
3474
6164
9710
9704
9354
6093
9110
9412
5927
8806
9120
9194
353
358
4778
363
676
4949
413
360
1575
157
363
2542
2210
906
416
135
151
2746
989
4562
9124
3686
6494
2159
6676
9102
5814
2251
2898
3342
3572
5989
1623
8500
8888
3598
8644
9566
6138
8544
9062
9086
9544
6956
9456
6921
5899
7242
3405
4423
9006
9712
3669
8870
9134
3644
9454
9486
9126
9906
408
1535
8724
1959
2942
363
854
5979
353
362
380
1427
1554
1512
379
6252
2885
355
2171
1621
2038
9010
5372
2169
4515
1532
5097
4999
6778
4855
8998
9250
4583
2921
8806
8534
6548
6715
3679
5670
5837
9386
3833
3547
3718
9340
6433
9618
3040
5293
9456
8994
8938
3637
8968
5055
9306
9536
2815
9202
3096
408
358
3790
381
5146
3532
385
1555
2208
1494
1911
946
355
1923
1377
701
3556
402
3614
3441
3969
9010
5179
3761
1953
3628
4919
3097
8990
9550
4785
4146
8946
1684
3793
2860
9692
3013
9248
9488
4864
6673
6288
9668
9654
6919
9370
9416
5078
4746
5660
9782
9298
8970
9034
5253
6988
9572
9242
348
8956
315
2350
3470
2029
354
348
362
359
358
353
352
400
8708
1861
3114
1577
881
406
1646
2082
2356
8918
1321
856
6030
2044
9014
1632
3632
5738
8922
1847
5204
1606
8882
9206
2378
6170
2784
9456
3827
1835
8706
5754
9446
9018
7427
8746
5421
3767
8736
7003
6505
9192
9672
8958
3378
6077
352
1923
154
1412
1504
3072
1870
1561
3795
405
1771
8514
899
890
877
1897
2752
6515
827
357
4492
4351
8894
1729
2726
9040
2746
3051
2884
6098
6722
3555
3538
4765
3594
8806
2607
3461
1398
5885
6433
9534
9562
8912
9486
4976
8656
5912
6558
4993
5802
9516
5607
9176
3611
7278
5064
3570
5659
9212
398
346
5702
3703
3002
914
5632
919
3070
3517
1496
5957
1498
3718
360
1962
155
917
2085
353
8736
9004
3079
3469
6736
2974
4976
2321
6525
1523
6495
8718
4897
1857
8698
1603
859
8864
8622
4502
9358
6681
3904
9660
2833
9464
8910
9302
6113
5770
9446
3401
9402
3582
5270
6793
6107
7173
6996
3932
155
3495
407
353
156
1630
2316
406
5939
4912
346
363
415
404
350
3023
1435
311
8548
1659
8766
373
1482
8914
1985
9150
3506
6025
2254
2853
4449
9014
3375
2953
3053
3840
5674
2738
6638
3166
8926
9806
8944
8794
9628
6253
9462
9524
5003
1593
5886
1807
9256
2996
8912
9266
2877
6705
3231
2826
1581
2166
3611
350
401
935
359
880
987
2844
363
969
417
795
159
1815
2244
353
660
160
5872
6081
3555
1953
3702
5387
8880
2686
2936
1717
4177
3559
8940
3048
2181
6673
2844
9146
6383
3470
9416
9400
6423
2625
5809
9310
9522
9368
5431
2816
9178
9284
9228
9384
6251
3097
9358
9260
3574
5057
162
8722
1498
356
1531
412
1624
363
3917
1373
2180
353
3423
908
3555
363
354
3524
354
6279
6362
3344
8658
9586
4688
9316
4863
5757
8606
8644
3838
8910
5127
3574
3593
8730
5440
9260
1644
8434
9540
8764
8604
6370
2854
9398
6461
5898
9456
6711
6469
9262
9358
2087
3548
8992
9396
3760
6635
9230
840
1867
3612
349
407
3777
154
361
343
871
417
1678
1995
1539
3391
8836
407
864
3276
1859
5550
6690
6797
1801
3191
2315
914
5137
3529
4931
358
8852
4725
711
4712
5318
9080
5966
8884
5148
9226
8846
9244
3723
3671
9564
6232
4877
3433
9058
9100
5745
9208
6085
9408
8984
9908
9224
9112
9186
4735
324
352
2790
1419
5426
2077
403
166
348
3607
3386
1900
5666
1591
1609
351
6460
1373
5653
5757
2405
3501
1453
2194
8606
6297
5749
8546
8658
1547
5685
4935
3603
2011
5177
2414
8680
6651
3721
9578
9286
9562
8888
9520
9182
9464
9382
9658
3779
9458
9132
9034
3071
9142
9436
9110
8640
9312
3554
3119
356
6527
6435
8862
2880
356
3688
935
2372
5977
344
896
8380
347
3622
3756
1589
342
6710
9280
1753
3059
9090
3430
3043
8716
3697
3719
1550
2889
8786
9234
2382
5359
8760
3187
1515
1591
4984
2279
3653
7048
5223
3125
6813
8886
9374
9256
9252
9462
9188
3678
9038
5713
9004
9190
9252
5075
5632
3039
3700
3382
3234
1598
1492
2926
3400
416
1490
2342
3418
1554
413
1437
2692
349
1529
361
2064
867
9172
6722
3405
3083
3246
2879
3738
6882
8912
3746
6357
8788
2017
9026
5858
2029
1858
4541
2564
8856
9002
9064
4819
8996
8722
8628
5935
6056
1933
3089
9082
3784
8992
6934
9382
3139
9376
8920
6239
3393
1579
403
3493
413
403
1435
3699
344
417
417
8934
3669
2857
3741
873
361
1524
338
346
2306
8286
9002
3587
6199
4593
8582
1620
4742
2245
1980
8942
915
3207
5610
6510
5636
916
1568
8878
4700
9250
6721
7290
6324
9228
3084
9066
6735
9594
6655
4920
3758
6534
9010
9480
9410
5209
5529
8972
360
413
947
2966
833
400
351
402
4990
3054
2270
4993
3335
344
9154
417
8964
1508
3026
883
1502
6333
9128
8610
3580
3503
2332
4760
6777
8994
8848
3651
6401
4807
6017
4395
5803
6069
2520
4908
4416
9426
6140
9256
9390
3265
6561
9114
9484
9052
9236
9314
8824
9208
5997
9216
3758
6446
5700
6553
363
404
4884
2670
2159
1567
2774
8912
412
3712
413
3560
1683
3570
154
6104
1567
5627
398
6644
8826
8956
3439
2309
8892
6716
5934
9266
1839
5195
1949
3920
860
5999
1823
883
5999
3548
3494
4989
8964
6490
3324
4385
9142
3779
5121
1987
7144
8810
8998
1993
5175
7097
9190
9406
5854
3712
9530
6285
3008
3076
415
155
905
999
2256
2176
407
1476
720
399
927
156
6447
1436
398
5051
342
924
4248
2279
4976
5294
2993
6490
3023
3658
926
5247
6023
2460
3259
5089
2968
3521
8802
800
9068
3822
9534
3171
9234
9396
9646
9202
9722
9420
4775
5098
5858
9608
8686
6352
8882
6054
6899
9410
9392
6093
1641
2181
1537
1492
3382
6122
159
415
158
1488
164
1743
1878
3514
417
349
2322
363
4812
3725
3606
3586
9124
8614
9042
4785
8632
9204
8704
8968
8476
1743
8768
3579
8946
5013
6500
1553
4659
9294
9390
9438
9118
9470
3812
9210
3032
9388
6067
6533
9410
5339
9066
4898
9242
2381
9500
9654
9446
6190
1516
332
345
410
1916
358
3312
5833
352
3641
1492
3095
651
1978
892
8886
5543
155
158
2992
9014
342
8968
6670
3769
4841
1567
6544
4646
972
6019
123
1792
2957
884
3069
5176
9300
3626
2834
6795
5209
9358
6531
3633
9440
6070
7095
4506
4863
6114
8976
9394
7113
9032
5239
5869
5936
4831
6620
904
362
363
4622
152
814
347
397
847
343
1419
351
5748
2535
1386
357
2307
966
350
5598
2880
9282
1931
9258
3719
1600
2850
4621
3705
1531
8850
921
4491
5665
8978
1538
8598
5663
8734
1453
6548
6629
5073
3709
5039
9252
4778
9176
1660
6765
6525
9284
9234
8926
9714
9008
9284
9268
9502
3865
1640
5104
3715
3662
3423
157
911
6518
5000
401
3641
357
405
406
347
1370
711
1464
3642
158
6559
8988
2237
6794
949
6082
3375
1672
5586
3484
3550
8852
9040
6370
5805
5579
1621
6371
896
4993
3257
5142
6158
9194
6050
5425
9552
9006
9404
9050
8876
4227
8892
9250
3203
9598
9146
9600
9486
8848
1579
1584
417
409
3741
3019
398
5841
9106
405
1838
404
417
343
5590
8844
2264
8916
356
2266
8504
9228
363
5868
880
876
1601
9070
8552
2874
6202
1401
2748
9046
4214
9484
9204
5447
6576
3393
9520
9146
5921
9040
9222
5855
9386
5490
9308
9224
4907
5560
9092
9490
6741
5898
9152
6667
9382
9366
4110
351
944
3272
414
6248
408
4489
1629
3369
4687
1575
2229
5727
4742
1603
1840
2137
1892
1865
3217
9120
5300
8760
9350
4780
8874
8976
2719
6552
3688
3830
8768
6567
1568
7111
712
1589
9248
6192
6629
7091
9344
9620
3205
5512
4918
9074
9292
3497
7024
5235
9314
9524
8980
9616
8522
6434
9534
9422
3585
1426
2457
2827
984
942
351
413
401
370
878
347
402
4645
3816
686
5011
2031
1577
5835
3781
926
5304
4071
8940
6277
6186
5929
2264
5866
1548
3162
3941
8848
3845
848
3535
858
4647
3669
9258
5453
8774
9296
9224
9412
3661
9034
3579
8830
9550
9314
2878
9366
9284
9108
6750
9326
9334
5120
1566
4992
967
1876
1850
360
2911
6376
3447
415
8810
414
400
360
3725
1912
2289
2108
8968
415
941
9226
9192
2408
3433
2949
1373
906
935
5614
8644
914
4135
3037
5642
1526
3624
9100
308
8860
9190
7115
9192
6650
5219
8976
4581
8972
9450
9282
9346
9248
9628
9308
6456
8978
6386
9360
9536
9606
3586
404
1536
3948
363
350
1137
2454
3694
8744
327
361
362
2795
6262
403
945
914
412
152
1548
5350
9098
1926
2212
3084
1669
8844
9696
5719
9188
3743
5917
5380
3893
8790
3713
4849
6598
3805
9060
9418
7185
9286
9526
8830
9528
8636
4744
5005
4333
5275
5959
9460
9178
9348
6048
9284
6096
6115
363
3514
1509
4182
1793
409
411
8730
844
343
309
404
405
1730
409
4914
402
1529
6411
2021
3527
906
9066
1530
5026
9242
1584
5045
3085
2285
2345
9056
9386
2400
2772
9066
5701
3848
5920
3184
9386
9516
9506
6737
9496
6745
9058
8748
6054
4991
9706
9310
2205
9212
6645
8940
9106
6662
5988
5156
1668
157
412
1732
1863
2169
415
405
409
1502
356
411
398
1422
948
4907
353
1629
1551
411
6638
8764
1700
8682
1908
1818
768
2828
5192
6735
5573
709
2985
8734
356
2272
5604
1531
4460
5987
4679
1783
9350
8954
9514
6478
9672
9036
9548
3119
9824
9324
3563
7316
3811
9360
7253
9088
9510
5887
3062
406
412
952
932
1665
2775
417
1562
5144
414
4783
416
1388
414
159
155
2351
409
1515
3569
8896
357
3706
6463
8836
3069
4937
5779
9476
8948
6104
9352
6745
8972
3851
3666
2331
2997
6348
4453
5410
6992
9020
6773
3118
9422
3272
9376
5523
9498
9288
9410
3563
3500
6630
5853
9178
6562
6529
1554
1563
413
971
4581
404
777
4810
408
361
990
403
408
401
6098
3091
4735
966
413
5815
6760
3677
2215
8994
8608
6954
1724
9112
1455
5884
8750
1356
5002
1604
5530
5103
4183
3042
1626
2070
9214
9262
9658
5405
3713
2201
9720
9906
2939
9234
9336
3913
9504
9014
6775
8880
5055
4748
9326
9620
879
2241
878
705
1514
929
8806
358
1613
1589
1048
1549
1498
4429
1658
2177
4862
349
1635
398
5861
1555
9188
3187
9280
5832
3103
6739
342
8994
2829
9014
944
9348
8894
6836
3854
3581
6545
3693
9270
9674
3307
3839
9138
9686
9424
9180
3686
2922
9204
9014
7084
9094
5824
7059
5965
9530
9706
8834
354
1468
711
1799
400
416
775
1419
941
3091
937
357
3401
405
1470
4838
2345
3405
361
1942
6252
5471
9124
3523
8878
2833
5768
5901
3198
372
4795
4507
1484
8840
5694
3146
3602
2239
8580
5926
5590
9546
9000
3760
9456
5962
6227
9596
6787
1491
6955
9572
9676
9290
9194
9158
9532
9614
9430
3135
416
5232
2103
363
3576
4618
1553
342
2971
763
399
874
8832
415
5780
401
1386
1448
348
1499
3609
5124
6836
6760
8430
1763
9162
2076
4898
893
8978
5544
4703
6637
359
3714
5834
3387
6456
2295
3219
6587
6871
6637
4889
9454
9396
8984
9056
5081
2447
5351
9234
3117
5397
9576
5253
5893
6249
9736
927
5655
3461
1991
4857
8532
361
3018
1742
354
4778
408
1341
416
403
2322
405
2132
2223
1955
930
8752
7069
2398
8920
3667
6597
3647
3574
4895
9020
3689
3352
5120
9348
9118
9220
5972
6850
6117
8580
3183
5401
9094
9394
9972
9510
4105
9114
9598
9714
6836
6673
9652
9300
2218
4699
6638
9384
8984
5934
5162
5222
129
6380
151
5627
343
348
351
6236
356
400
4743
1436
3829
356
1001
3623
1564
3572
3196
5164
2982
6335
1185
8856
9054
8884
6549
9140
6830
4925
5785
1572
689
1966
5339
8652
8664
3681
9442
9414
6806
3907
3259
9098
6905
6613
8916
9518
9130
6584
9188
9394
9472
2729
9152
9048
9082
4434
919
405
829
2217
6669
355
2007
4909
414
344
1512
346
158
159
916
1590
6420
4497
1501
6001
9076
1441
3122
9200
3528
5766
6208
2428
2101
5802
2994
1501
3214
9340
4528
939
4914
2740
940
9310
9150
9386
9402
9018
9158
9518
6288
3073
9360
3142
9422
9774
9192
9074
5279
6394
9484
3831
3907
4039
8798
1991
1636
357
416
899
1489
415
417
139
416
3539
4651
2903
6225
708
2988
5558
877
3929
8874
749
8884
945
5814
356
2944
3076
5232
870
1961
9062
1692
6852
3367
3158
6576
8872
3549
3662
6656
9382
9494
3850
9424
3821
9290
9292
4950
9210
9360
9256
9134
3725
9158
8946
5160
6120
9360
2136
149
1964
2907
414
721
5546
414
1424
6031
8534
8904
1925
329
5490
4839
5001
4759
3612
355
9080
5959
5036
2034
1583
1870
1630
928
922
8580
3808
3605
6820
5112
921
2505
1876
3838
1568
880
9328
9520
2312
3794
6963
9568
9210
4964
9044
9202
6046
9854
9228
9526
6612
6758
6238
9190
2339
5942
1696
5978
5719
6279
3587
408
4969
2262
2229
1938
3011
361
1941
161
5904
5732
8814
1673
4810
5069
3141
2003
9146
1616
8842
3677
996
1613
4571
5871
4863
2983
2887
3850
6584
3594
3570
3146
2738
5721
9190
5989
6355
3203
9384
9484
5582
9256
5765
6703
9304
9454
9066
9690
6647
9388
9600
9574
2933
4950
415
405
868
353
704
1948
349
5338
9274
350
6288
154
1408
1427
356
3428
5684
414
2348
5574
9216
9028
5918
5832
954
979
8804
5095
3623
2313
3499
1496
1909
2369
2272
926
355
6669
1692
1627
9518
6877
9252
9372
5146
3049
9314
9516
5074
9516
8928
6976
9238
9220
9450
9276
5886
9420
6010
4613
417
4974
2075
415
935
1858
406
5422
355
2225
3336
2921
950
417
1907
406
417
5711
403
5133
6187
9112
9116
4976
4887
8890
3711
1469
964
6187
4799
9310
5937
8966
6482
6683
8922
4897
5308
1958
9264
9720
3574
5785
9426
4734
4981
9338
9670
9252
5937
9782
9412
9828
9288
6377
9824
4850
3461
6219
416
3048
2848
1567
380
6558
399
5884
2339
333
3023
720
1841
5431
1551
1319
3824
417
1898
3067
2557
9390
1418
1601
886
5016
9348
8948
3506
2022
3803
8838
2278
8688
9310
8986
1607
406
4634
9192
4868
5783
4886
9400
3870
9516
1781
9366
8826
9560
1578
3617
9392
5285
9370
9180
9392
9434
9244
9432
405
1814
935
969
341
403
4930
154
161
411
406
3687
355
2601
3683
2221
898
5709
1792
417
1761
939
6446
6790
3661
6890
6622
9008
4417
1700
3019
4650
3715
1951
6143
3128
943
6724
3103
3441
9682
2212
9244
9392
9524
2184
6746
9422
6536
9460
8900
6531
9018
5809
3117
9616
6887
9194
962
6414
152
1503
412
2933
3102
336
953
938
1711
2693
4682
417
399
408
5493
3835
414
348
407
2303
1632
9156
3606
2588
5935
1795
5080
2980
3716
3019
2388
3546
9148
9434
5997
6121
5132
6177
6554
995
9388
2248
8998
6376
9460
3265
9508
9730
1634
9106
9368
5753
6877
6000
9152
9544
9522
9262
9380
6096
396
397
417
352
1379
1958
1556
152
406
2168
398
166
1767
398
402
387
408
5945
5884
964
9030
6372
6056
347
3631
4425
5952
8962
5185
4818
3845
9044
3692
5782
5872
5828
4991
3011
6141
4665
9240
9274
9284
5398
3710
9374
9380
3695
9352
9472
9578
9742
8770
6581
5067
6959
9654
9690
5911
6466
944
3559
386
927
3615
392
356
408
364
402
960
158
2338
1765
1603
152
3203
5656
363
2816
3649
6708
9172
1014
9058
3803
3101
2282
8888
6362
3571
352
5815
1899
5012
9062
6711
6223
5140
2458
9486
9470
9656
6993
5566
9068
9084
5544
9110
9504
9288
9486
9430
6976
9434
4509
3389
3680
9560
9260
3581
3641
407
8704
158
358
363
337
1965
396
4788
963
2066
1524
3085
6530
985
363
924
413
6160
8560
4199
3032
2093
4895
8846
1829
6911
892
2055
3628
8594
6679
5474
1977
2317
6089
409
5849
3576
6855
9618
9674
9516
7058
9510
8880
8688
6915
9802
3809
5230
9632
3845
9364
6554
9600
9306
8700
9046
5789
4570
1642
6326
3497
346
5606
403
4356
8720
159
1591
1517
2851
854
347
158
6449
8878
8912
6320
9028
3063
3027
6696
3107
3667
3005
3739
2391
3478
9006
3140
5615
5895
1840
6129
9256
2414
3824
9338
6624
9346
9474
9244
9068
4672
9550
6599
9358
9496
9156
2645
9752
5970
9844
9238
9146
4842
360
1527
1909
1358
3120
936
1626
2115
415
945
5758
1927
409
1629
415
390
4649
355
4803
406
3685
3619
5634
9098
4822
887
4713
9092
9142
2892
6941
3830
3252
5760
938
2080
3854
6558
6621
9074
3737
2493
8922
9184
2164
6773
6971
9452
6697
9258
3972
9512
8962
9320
9632
9038
6664
5499
9188
8932