1984
889
160
842
2062
155
1003
148
4089
330
1144
155
149
375
935
1130
1890
874
152
936
4137
8322
2293
2680
2959
1033
1092
6474
9106
1306
6532
4101
6214
8842
8820
6485
6422
869
6652
2717
8614
3666
9326
4385
8890
8900
9046
9438
4185
6253
9044
9260
9470
9614
3556
1695
9270
8938
6832
9106
6333
1028
1847
1070
2087
1669
8914
1271
1810
871
2880
314
2144
324
3578
349
364
1740
815
860
5990
1277
4424
3760
927
2218
6556
3588
8390
1862
3562
3950
2921
3384
1883
1757
1866
1276
1764
3723
4123
6274
9322
9520
9520
8948
1146
9518
3737
9196
1954
7419
9418
9608
6039
9480
9622
9512
8812
9184
884
873
1045
6173
3564
794
2899
368
348
156
8824
336
1815
1130
373
377
7122
1131
1860
1005
8566
4300
1888
2235
3869
3532
3561
6151
4368
1784
3510
6133
5906
3621
5878
2821
3560
8880
4482
2657
6181
6653
7243
8902
1841
5401
2801
9262
9466
9472
5314
9168
1880
9000
8992
1918
9384
9182
9422
2984
1786
931
761
8984
2582
3655
795
2148
157
3574
3218
1726
157
6488
1707
303
1782
6154
1132
1258
4338
4461
3118
8962
8664
6162
8450
6335
8594
6304
6226
8718
7996
2186
1155
3213
8562
3631
3089
9282
9260
9232
9574
6520
9566
1672
3829
6271
9046
6159
6692
9416
8678
6914
9514
6752
6001
8870
2745
9366
4615
3475
163
830
152
158
1801
798
1849
1300
1333
2104
8550
360
848
160
2263
2115
1243
156
2029
1955
3578
8762
8482
1297
1707
8682
8696
2969
4676
4178
8844
4393
5547
8690
8964
3933
6538
1029
9394
6231
9202
9538
9392
9128
9304
3709
9200
2760
8636
9572
6517
4047
9332
9450
9192
6276
9250
3425
8848
2745
1694
4981
922
857
3152
8802
321
1345
345
8878
8892
6399
1865
4377
4213
365
309
4488
9036
9094
8962
5484
8470
5406
4543
2217
8986
1753
2272
2196
8722
4026
3081
1215
2074
9198
6772
8752
9058
9454
9078
8968
9000
6014
9040
9484
5727
6402
9290
9504
9334
4458
9396
8742
9222
9622
6255
3132
3596
926
1853
2184
4567
371
160
3645
2021
761
1811
3867
302
306
371
2381
847
4326
7096
2852
8802
2139
8950
6352
4371
5060
3626
2744
5282
1795
8954
1671
3631
9006
6005
9074
8620
1823
1173
5529
9134
9126
9024
9108
9028
9528
9406
9552
6537
9112
3703
9016
9178
9576
9254
8374
9200
9680
4972
9360
161
363
900
8750
1984
1785
341
2940
808
1847
3071
844
2838
1073
2258
308
2153
815
2163
1560
5618
5183
2835
1217
2787
4262
4419
3414
3258
7025
317
8928
6635
8774
8842
2842
8654
6145
9028
1824
3884
9254
9502
9534
9498
9482
2835
8614
9404
8416
9552
9040
8852
9504
8902
9442
9438
9028
8644
9036
9022
8874
3629
2001
897
307
3983
2788
4303
5606
2289
6618
1603
308
904
6156
6707
4315
310
3846
3049
3566
7032
781
1739
3371
8834
8814
5903
8854
5925
311
8654
8386
5451
5589
3723
4733
6466
8946
5385
8788
9076
9528
5617
9614
9362
9624
6445
7152
9582
4888
9148
4607
3515
9068
9026
9456
9498
9448
1997
2879
2585
1987
1759
3050
2886
1786
2701
3801
1990
3113
6361
1747
1072
2012
2697
6346
157
1015
3581
8716
3535
5029
8806
8994
4473
2952
5257
8750
6201
3830
2251
2344
8582
3702
4919
8878
4891
9044
9092
9094
9414
9518
9558
8970
9410
9296
4725
6578
2090
9262
9346
5300
9520
9310
8810
9606
6676
9598
1718
812
1777
156
794
3529
309
792
1694
766
3404
8806
1925
2171
1740
2034
8886
5997
1811
2110
6460
3509
849
1136
2160
973
5702
805
5528
6426
8442
5546
8858
8774
4918
4390
940
1803
3574
2201
4346
9246
6162
9448
9300
9512
9406
9402
7272
9374
9284
9396
9172
9310
9470
9536
9558
9278
3227
9504
3612
784
1208
2283
1852
8632
9240
798
326
9160
1096
9036
1861
306
9010
905
8994
5227
4168
3708
2995
3736
6508
1862
6474
8798
4520
5386
3901
1904
5122
9044
8548
3526
8690
2047
4485
8886
8962
3004
9306
9362
2948
9112
8946
8806
9156
9478
9288
9126
9402
9570
9394
7131
9064
9386
9388
8748
9462
9052
8358
364
881
850
8796
2897
4183
2847
3073
8754
2313
805
357
375
156
1945
3152
808
6435
1851
2006
6428
8562
2133
6420
8856
8756
8480
8620
6642
792
9006
6251
8656
2952
8928
3623
2267
1872
5185
9582
9482
5258
9328
9188
9518
3936
9344
5454
9372
9394
9412
9498
6158
9302
9362
9632
9320
8728
9174
9112
1891
3649
3469
2096
4458
313
781
3601
1856
5393
1787
8724
9092
6428
4424
1895
1860
1958
9034
8932
5374
4857
4757
8646
9066
1809
3918
9274
4964
5804
1187
2881
3661
2166
6049
5620
4548
1780
2004
9364
9280
9148
9304
9244
5546
9238
3708
9536
9372
9346
9378
9550
5236
5718
9438
8976
9222
9554
9230
9020
1104
1025
4192
370
1143
796
851
1876
1642
1603
5115
727
3554
1949
1015
4383
848
2324
3504
5888
6418
1733
9010
3573
8958
1935
770
9164
6618
5826
8880
1254
3886
8500
6349
4668
8914
4362
6189
6847
6817
9388
9278
9300
9392
9436
9402
8998
6791
9118
5473
4737
9440
9520
9266
5215
5180
2322
9222
1066
1870
155
160
2056
1061
862
3434
1135
4326
3481
861
8836
9110
1960
155
922
2361
864
306
5749
6036
3805
8812
2155
8942
3687
3950
3465
8862
5605
9006
4555
9098
5849
7956
6042
8890
2174
2054
3759
2306
9464
9450
3691
9496
9244
8990
9432
9314
9432
9488
9170
2812
9528
9350
6569
9372
9528
9346
1864
4330
867
3773
1813
858
847
1803
4900
1263
4845
4041
903
4383
306
5855
9038
1828
4256
861
8686
5886
5231
8670
9028
6245
8696
2193
1881
862
802
3787
9114
8888
9074
1065
5467
8764
4529
8592
9330
3827
9606
9346
9282
4455
9510
9448
3078
9534
9230
9552
9450
9488
9380
3060
9394
5598
9412
9370
2139
9078
6228
157
9040
326
158
6219
1888
138
860
8946
3639
1971
1922
857
5112
922
5294
5271
9090
3626
8834
9050
4013
4033
8800
5119
5685
9000
5136
9068
5213
3596
6524
6394
9094
2952
2912
9104
9356
5242
4637
6011
5921
9384
9098
9310
3662
5437
9434
9518
9224
9346
9366
9496
6728
3410
5234
8964
6311
1800
139
3906
1249
5803
9114
2012
3582
4838
3099
4494
1493
1291
850
8952
3858
1955
1263
1620
9092
5405
1825
1953
1089
4657
8836
6603
1864
2091
1803
3588
2357
3046
3580
4648
4341
9190
9142
5244
9308
9308
9244
4502
9298
9454
9356
3526
6373
9314
5588
9128
5117
9190
9578
9440
9290
6103
9240
6130
8866
4352
370
9374
5741
3571
155
810
3112
6005
872
1770
1812
6561
8846
1326
158
867
791
850
8900
8848
9064
9176
4566
1147
767
843
6537
9176
1826
6537
9138
9048
6838
3396
4186
1627
5311
8982
4156
9284
9300
9486
4782
9122
4823
3736
1805
9334
9114
5298
9542
6427
9482
9248
9530
9412
6197
9354
1359
7065
4960
1653
5807
309
6275
2827
3405
873
1117
1607
805
326
3558
8936
795
1672
8614
158
8772
3825
5104
9096
9036
9216
1776
3145
8884
8906
1640
4222
1702
3652
8970
5552
1902
5508
5742
8878
5962
9528
5555
9456
9102
9402
9232
8896
9662
6626
9402
9248
6285
6051
9174
9496
5079
9392
4268
9638
4480
5008
5579
859
3587
356
5535
1811
841
3086
9100
6123
395
2959
305
1008
8946
9022
1716
385
1145
3543
8672
3477
6342
5118
2393
9088
321
2742
847
5069
3376
2224
8840
8920
3964
9116
1841
5572
8742
9390
7011
6125
6541
8956
4307
5526
3598
9244
9464
9170
3927
9494
8950
9488
9550
9424
9430
9434
307
8806
994
3173
6456
3615
5680
5203
1851
8758
4341
3006
4662
307
844
821
305
3395
8956
860
9140
8768
6294
2592
3273
6103
3617
5815
3625
6597
1810
9198
5706
4631
6175
6109
9052
3624
5607
9004
9428
9416
6676
3953
9124
9306
9428
2281
8884
6548
5857
8806
8816
4555
1941
8328
4490
6845
9456
9582
1961
1033
3051
9042
3147
359
2309
1809
1878
785
363
1003
6557
159
812
5553
2750
1973
1853
2117
9142
8764
6316
3627
6643
8780
4101
4148
5624
1838
9146
4147
1843
2197
5609
9188
6114
3606
5454
1794
9446
9480
9240
9292
9254
9566
9488
5449
6595
9324
9196
9146
9418
9400
9520
9100
9064
5256
4243
6951
4212
9008
2067
4294
1749
803
310
160
1215
293
340
5269
1947
340
2623
2057
4743
345
8858
884
8874
6373
2302
8846
2349
2611
6701
9068
786
2352
9142
1731
1874
8820
4844
5555
5185
1025
1730
2995
9364
9458
9526
6186
9416
9262
6564
9386
9346
9124
3827
1963
9478
9400
9386
9472
9114
3423
6101
9386
4062
3743
2858
2117
2250
392
846
1221
2990
4503
2197
2131
8880
5188
384
6932
5254
2792
759
783
8964
5548
8710
3697
6824
8870
2189
6534
6001
8872
1623
6482
9010
9032
3612
1162
3756
8824
9094
4796
4351
9322
9464
9702
9438
9368
5286
9264
3621
9480
5748
9482
9238
5931
4456
4770
9566
9638
9504
4163
314
2812
2913
3511
2747
926
3116
876
324
3206
4321
3042
3020
3326
3665
965
5039
2062
9150
1798
8894
5812
2834
2031
5173
9264
9036
5849
3581
8904
3473
5984
4530
5451
1872
9002
9058
3995
6011
1836
9488
9552
9506
9488
9478
9492
5432
8890
9592
9372
9486
5790
9444
6359
9482
9202
9670
9426
9140
8864
385
3749
1717
2093
307
867
2632
5283
2720
364
158
8646
6456
1753
328
304
881
5738
1764
6358
1966
9158
2848
2606
2694
3703
2905
9200
3667
2015
8932
4216
9234
8970
8946
9122
1867
8976
7150
9060
8976
9158
5912
9408
9512
5940
5508
2011
9264
9010
9406
9234
9426
9478
9534
6499
6590
9362
9216
9354
9324
1203
4560
3464
2775
3595
1039
2162
1872
306
2926
793
880
1009
2072
4403
922
8940
3054
6447
2742
2524
791
6721
1303
6527
3729
9224
6524
4619
4438
2747
5238
8802
8956
5436
9188
6216
8998
5353
9330
4356
8946
1911
5826
9504
9310
9402
4010
9362
2765
9248
9542
9388
4434
9322
5993
9346
9560
9324
5364
785
153
9048
4630
1679
8824
1180
1177
1735
2214
305
5006
1959
303
4221
779
8966
6771
1735
3869
864
4532
2964
8796
8558
3412
4351
6615
3949
2153
1999
2325
5368
6078
2330
6456
9014
4300
5180
9262
9400
9478
9544
9300
9284
8986
9326
6820
9158
8732
9536
2712
9376
9232
9242
9284
6830
9156
4968
4627
5142
805
325
4378
1699
8886
923
8934
1040
3838
1932
4112
803
1985
2569
1068
799
2952
4400
4300
5164
2015
9366
6392
5834
8604
6600
6626
828
4077
2095
8934
3491
4324
2783
8932
2838
5139
3988
9004
9364
3114
6063
9002
9574
9424
9224
9582
9214
5394
6392
5632
8838
2964
9472
6192
9410
9396
5164
754
9140
803
1036
161
3404
6215
1965
804
779
8850
4103
5034
6400
6159
847
977
4257
6329
3345
9316
1307
9116
6082
5151
5782
4975
5265
8818
6779
8920
2964
8918
6187
5637
9030
2342
3526
3600
4277
9206
2580
9206
5741
9008
5860
9464
9566
9360
9458
4681
2282
9380
9502
9464
9470
6632
9608
9224
9630
6235
3010
6190
9106
891
2882
874
2877
1704
1746
2217
4659
2780
6361
312
371
2897
809
6285
1292
3918
5815
1741
8704
1186
4389
938
1057
6575
9014
1089
3583
8778
9014
9074
2934
2258
2207
4368
2977
9528
9378
9498
5678
9470
9560
9346
9160
9478
9472
6037
5656
9346
9498
9188
9420
9478
2846
9326
9418
4340
4208
868
2836
5789
8928
6188
758
1905
8832
2279
2262
2037
850
817
4690
2973
8858
2047
8848
9316
3984
4249
3281
6037
9068
2533
7011
4384
8810
758
3076
2334
1093
3537
3589
6124
8924
4380
6510
4474
9386
9606
9464
9434
9464
9420
9566
8992
9362
9582
5324
9340
9464
9558
9632
4610
9534
4012
9488
841
1722
867
9068
9092
2434
3355
361
2724
2840
802
9078
305
760
877
9034
1843
2201
1827
1666
4349
3043
2946
706
8984
4325
3766
5555
2698
2905
2776
5179
3647
5227
9290
1164
6792
9018
5521
1828
9654
6383
5488
3755
9410
9526
9630
8902
9394
6101
4688
4407
9132
4948
9616
2602
5275
6399
3055
5202
2814
8978
2613
8842
4460
305
1727
3061
3776
802
2069
2279
3482
9322
2892
2571
1059
8824
8916
1964
9336
6908
3015
1915
5591
1708
6394
2287
6538
8964
8478
9218
6501
9014
8946
6130
5736
362
4303
4682
5399
9326
9470
5499
9074
9426
9320
9342
9208
9432
9376
9544
9126
4431
9558
6696
9222
4618
9108
9550
9022
2810
306
1812
1771
803
6349
364
2985
852
6534
315
8864
1289
6425
301
154
4922
3080
1766
5593
6346
3404
8588
5260
2546
3063
6186
8994
6476
9200
1750
1989
9042
5563
5391
9072
9148
5780
5136
6074
9308
9370
5074
9512
9464
6878
9222
9608
9316
9200
9386
9452
7337
9292
7141
9418
9376
9614
3877
1040
6410
2179
5093
2167
970
5234
2958
843
2578
789
1820
1835
1027
2200
9208
2004
4898
3043
1889
9226
3791
1774
5012
9040
8996
3084
6258
9064
2701
8980
8996
8994
8976
6488
2258
5242
8676
2006
1907
9514
9488
9542
2127
9440
9350
9590
9432
6929
6462
6821
1783
9348
9424
9480
9244
9032
9558
9426
5870
793
1669
392
1101
1786
3482
6478
4330
2124
1854
1647
1623
3663
807
2102
9038
301
1930
8976
319
3602
4733
2670
6500
9162
8892
2780
4303
3629
4693
9204
1782
5266
2315
8818
3424
1022
5189
6115
3400
9478
9592
9484
3519
4747
9456
9452
9146
9338
2989
4476
9292
2995
9422
9234
9318
9420
9206
6664
5457
9074
8922
3655
155
4380
140
854
2076
5020
5927
1909
1087
2112
3380
1302
1856
758
1848
5824
1217
1800
3162
8938
2028
8826
2807
4047
1949
8934
3039
4679
6399
3145
9146
9040
9042
4541
1757
6840
6845
3273
9172
9456
9202
2817
8856
9130
9520
9590
5827
9386
3151
9108
9528
4993
9440
4394
9246
4573
9214
306
8906
5164
755
1055
5513
1742
973
1070
9044
9018
1785
3533
8944
1015
8948
867
2831
4194
1788
3441
9226
5425
1810
8898
4437
6320
3921
4380
2321
4046
3409
913
5077
2271
6451
6647
3081
6030
3026
3626
9404
9424
4857
4311
9558
9048
8796
3548
9592
9448
9482
9504
9442
8968
9126
9186
9432
9342
6383
308
1880
2014
2671
877
1015
2943
9062
1691
1643
4128
8892
3015
5584
8948
404
857
865
2109
1606
6833
9032
8934
6567
5649
5427
3294
9100
4201
4372
6840
6587
1728
4409
2931
4482
5979
2125
1940
5417
9484
9190
5047
9410
9302
3862
9290
9432
5248
9552
9502
6921
9472
9456
9346
4718
2002
9550
9512
9506
817
1654
4076
1778
866
4915
765
306
2977
5179
960
4534
8734
2932
1853
776
2260
9058
8770
2921
7305
6491
3612
3576
2677
2325
8980
4483
7047
4883
5021
2284
3816
5278
9282
1867
4200
2075
2021
8926
9490
7894
9358
9440
2397
9402
9114
9558
9568
9464
6257
9418
9146
9162
9354
6819
9348
6156
4888
9402
5084
1670
1218
2619
2828
406
2184
305
3076
1217
5204
3632
128
3046
3774
1799
5180
1355
3495
3327
2601
1325
1689
5894
8912
4071
9042
6713
5082
2260
1679
5075
2122
5527
8860
2865
6599
4202
5352
3725
6744
6084
9520
9408
9520
9358
3390
9270
9416
9408
9394
9246
9288
9462
9544
9478
9432
9040
9520
9180
1686
2210
3316
8890
822
1742
5575
2978
1165
5849
4369
6139
775
753
5142
121
1140
3136
6193
4077
5658
3637
8696
6652
9096
3127
2491
2345
6106
2908
789
4934
8788
5323
879
1698
9108
2654
2963
1117
9408
1989
6707
6901
9412
5678
9282
9456
9440
9598
9534
5704
9550
9488
9276
4812
6634
6118
9392
9098
5574
9036
1694
2644
5393
365
2290
5373
2888
827
775
1162
1901
2961
1008
1713
1685
147
1936
815
8864
1795
2177
2961
8838
2923
8908
5746
3479
9128
4267
1750
3133
9182
1841
9042
4777
4967
4555
5901
2668
9396
9630
9128
2291
9448
9482
9358
9522
9510
9276
9244
9606
9456
9408
9638
9440
9456
3920
5638
5256
1369
4442
4318
1922
4608
4107
6019
5469
9180
4569
3451
992
2263
2603
9060
8822
5777
3554
158
8812
3691
2808
8846
4170
5386
5412
4300
1008
4396
3284
1726
3470
5289
6286
4309
2264
4938
3360
4814
9360
9170
9286
9242
9510
4599
5305
9338
9412
6906
9480
9276
9214
9536
9488
3730
5083
9590
9538
9280
1849
1757
867
8972
3536
2248
1978
367
6245
1765
3476
1779
3987
5042
5832
1646
2706
1088
789
840
5659
4595
2189
5228
9008
5472
6251
2183
8834
2950
3558
892
8822
6921
5387
3324
8926
8822
3493
3503
6675
9122
9440
2896
9400
9646
9504
9426
5982
6290
9234
9514
9156
5849
9346
9252
9598
3092
9368
9198
1644
1812
93
2772
781
5567
5321
5402
1205
6251
849
775
3098
9098
362
1109
9030
8998
2757
5572
1983
9064
4275
4053
4672
4500
5244
2189
5060
5340
4425
4309
3574
6406
6548
9094
6495
8978
4423
9012
9312
9638
5889
9424
6868
9568
5980
9262
3028
9504
8920
9464
9542
8870
3145
9622
9388
9490
6789
9416
3072
5455
5483
3977
2837
1820
772
4599
314
3524
1083
5371
950
2360
3853
3078
1567
2736
2859
1715
2765
4509
4483
9078
2961
1696
4260
4373
4564
2803
5079
3633
4365
5963
3848
6362
2129
4492
4335
5074
9158
2293
9030
2793
9394
9404
9124
9464
9236
9470
9472
9386
9372
9574
9076
9462
3142
9576
9278
5999
4459
4719
9178
5098
8902
2074
2035
2071
5681
2151
797
356
1857
8918
2194
8782
8914
4003
3012
316
1710
8918
8752
9042
1974
311
3005
3030
2599
5666
3511
2987
3033
9034
5164
1805
2909
9098
4129
3896
9246
9324
9046
9516
9338
9380
9344
5779
9370
9298
9486
9002
9112
9420
5505
9318
9358
9504
2361
8770
1702
1006
2840
2343
2190
8680
2104
348
758
1074
308
2941
4938
3232
304
1077
307
9254
2101
8918
5628
2718
9308
4706
6310
5258
3711
2049
9008
5153
4991
8990
5232
5670
6450
2044
1731
4624
9222
777
9198
9434
9496
9448
9316
9370
9346
9310
9360
6875
9506
9466
9614
9140
9386
9558
9354
6940
9088
9368
3762
2863
8850
1071
718
309
3417
9356
857
792
4263
9334
3423
3072
3454
2030
305
9160
1218
1805
6367
2120
1000
9126
9014
8928
3181
3024
4998
869
9090
9062
2181
9116
9160
6858
2778
9004
9124
4524
2016
9212
4950
9504
9292
4593
9006
9354
9276
9370
9614
9362
9310
9472
9132
9270
9368
9394
9582
2920
1818
9176
3018
157
368
3481
1780
8900
9310
3485
787
4982
5072
821
4390
2725
356
9052
819
2117
1810
8916
9028
6513
6504
792
2129
3639
3054
3944
4430
8958
9256
5880
1987
2175
1779
3625
5812
1893
5837
9058
3674
9282
6811
9372
9638
9226
9544
6765
9504
9458
9402
6662
9522
6364
6593
9566
9260
5503
2252
1766
6463
1649
312
9226
396
1756
1896
1876
2177
852
153
2759
4603
6701
767
1110
5407
4458
5779
3603
4454
1814
5075
8758
8960
6554
2359
1677
1260
371
5405
6501
3044
9360
9026
321
3385
4485
9448
9130
9518
9488
9000
9492
4592
9174
8574
9598
9348
9402
5755
5648
9498
5615
9574
9608
9324
9036
3444
9058
2060
5133
4557
1018
9134
9036
2126
3003
5908
5390
3617
5307
8922
8674
5666
2861
316
324
1082
2191
8870
5838
8736
5881
5654
1992
6885
3979
9158
5093
9188
9214
8980
9208
6696
862
6339
816
3103
9500
6595
9304
9490
9286
6321
9260
9424
9194
9404
6048
9340
9420
9428
9576
5777
9308
4118
8764
2903
798
361
1787
2200
360
4204
2739
3747
2561
772
1793
3581
9280
768
9148
3575
1738
9130
1859
6362
9166
5306
9232
5707
5649
4353
6685
791
3068
8978
2271
2239
9092
1941
8836
8854
790
9074
4578
9412
9460
9390
6033
9154
9314
9512
9260
9390
5061
8990
9470
9702
9576
9360
3287
3886
9322
9536
6716
6496
3473
2074
4178
304
318
2214
1979
3523
1980
4388
846
9142
2161
6686
8970
2207
6347
1196
3490
8926
3682
4416
8660
9082
4469
2774
5819
8834
1828
2516
1724
6020
9414
5435
9140
9030
8868
3335
4492
9346
9538
5929
9154
3115
9638
9560
9448
9450
9410
4429
9376
9420
6394
9446
9592
9152
9180
5034
9306
1784
4507
1184
306
1710
9058
375
8740
6329
789
9116
2658
865
5523
3141
5362
9230
1230
1794
384
6957
9216
3965
4298
2938
8974
2792
1027
3839
2651
9188
9000
5189
8680
9086
5893
9296
9120
9110
6582
4213
9420
9300
9080
9240
9568
9218
9262
9370
9404
9284
9388
9134
9420
9222
9488
9468
9138
9576
9290
2571
2830
1994
9202
4918
9192
915
3589
794
363
1694
9296
6404
1663
8808
8978
9180
3012
1048
1736
1137
791
3900
9004
1729
1772
8882
5128
9168
8660
3982
8640
3833
2214
8834
1791
775
6571
9072
5176
5648
9534
9506
9498
3004
9296
5831
9474
9454
9336
9420
9354
9270
9058
9342
9456
6563
9424
8662
9408
310
370
1907
798
805
3523
1785
4281
152
310
964
8860
372
316
9214
3986
1275
2230
365
164
6425
2870
9332
9110
5766
9082
9122
3384
1093
2866
4236
2435
9322
5757
9210
2035
343
9346
9054
4298
9416
9536
9426
9536
9380
9508
9538
9232
6031
8960
9376
9038
9514
8470
9358
9520
9606
8950
9002
9214
6316
1099
2991
9070
810
6414
1770
3468
752
966
5085
2204
374
6487
3489
1125
5534
9298
2991
3164
5153
967
8338
5064
4959
3966
3153
5895
2837
5263
2917
8994
5616
1917
2184
6539
5616
5717
6226
1323
5488
3043
9484
9434
9106
9480
2978
5588
9510
5365
9522
9490
9264
8852
9522
9518
8222
9200
9228
9466
1760
3044
4599
8942
5108
1657
8776
4013
2615
1071
9090
1767
308
6231
6460
2961
5470
3660
861
1031
8804
9058
3027
9084
3487
1023
1281
5544
1146
5865
8960
8924
1250
3574
1693
9144
9076
3012
1049
8988
9616
9132
9440
6928
9276
9170
9132
9330
9410
6822
9424
9334
9506
6684
9324
9442
9630
9448
9482
6367
5561
5150
1939
4347
9066
2265
8884
3929
830
1984
369
3550
1531
869
375
1674
3776
842
1940
358
1615
5287
5965
5373
5494
6766
4225
9000
9040
6668
4487
2945
1549
3546
6607
4540
9296
5481
5218
9228
9412
9402
9614
9250
9456
5389
9574
9512
9198
9532
9488
9440
9476
9206
9646
4588
9432
9394
9568
9216
383
369
4503
9280
1734
3522
4481
3176
9182
3229
5751
822
1818
410
4619
3961
785
1900
3044
2596
6432
1888
9114
2221
1864
8998
5395
5521
9032
6294
1723
3481
3617
5456
861
9232
9006
5772
5490
4481
9420
9590
9558
9480
9322
9472
9190
3426
9550
3903
9232
9428
9372
9408
9560
9434
3599
9504
9444
9518
1717
9192
5184
890
942
1704
1628
1715
9126
785
394
3924
2838
148
3616
954
3012
2984
1328
9036
3404
6237
8928
6927
5602
5259
8812
6520
6044
9136
2262
6426
8722
5703
5771
9174
5504
5641
1622
6569
9424
5487
9566
9456
9408
9126
9480
9462
9456
9458
9426
9386
9236
7138
9378
3118
5986
9362
9448
9110
1690
359
2991
2954
306
358
80
5155
784
310
2834
1682
2864
3362
4093
8916
2070
330
156
801
9126
2088
9058
5126
8946
5874
6642
5547
8818
8850
9116
5947
8996
9376
9102
4398
3582
4358
6514
9012
9392
9358
9482
3589
9254
9034
5766
8936
9350
9490
9630
6718
9404
9310
5740
5907
9284
4625
9354
7170
3606
357
9216
2647
4437
4042
3577
357
362
2900
8830
6234
8822
952
3389
363
4887
8982
2116
9328
9054
3391
763
1815
9088
1789
1721
8968
9394
8820
9208
4602
8790
9288
8994
5275
755
6875
9014
2696
6813
9182
9204
9160
1740
6689
4096
6444
9428
9090
9512
9046
9376
9544
9468
6689
4355
9526
9160
6900
8716
3013
2187
2837
1974
3067
2156
1917
6259
372
1886
877
6644
1081
150
9102
783
9006
380
1794
9170
7042
6118
1672
4238
9208
2293
5479
713
2141
3939
5919
9030
824
9314
9130
3065
2212
4231
3008
5653
9566
9542
4595
2900
3751
9488
5898
9502
9326
9622
9464
3903
9440
9314
9366
9152
9694
9050
9266
2058
869
344
9060
3238
1709
2975
1713
2291
1174
3524
1839
1653
2415
801
8638
9268
9056
304
120
8506
5676
1814
5723
9284
5754
6240
6312
5806
8836
5031
9016
9194
1626
1767
9204
3510
4049
8938
861
6556
9472
9404
9394
9554
9472
6214
9466
9204
9536
9574
9370
9362
9544
6098
5241
5639
9468
5093
9570
1905
358
357
3917
1968
4777
1182
312
379
2518
3094
1859
4937
4999
5418
1041
882
1957
2108
5111
4429
5748
6657
2745
4605
3127
8898
9146
8926
2769
5220
9206
3295
6858
5706
8648
1669
2946
5616
3366
9254
9598
5057
5475
9512
9388
9356
4705
9000
9114
9480
9590
9464
6310
5592
9292
5365
9466
9472
8908
2154
361
6064
401
1639
1599
2548
1121
3479
9154
9190
1316
9176
9174
2029
1795
1884
1731
806
3136
1807
2145
9122
3083
2097
5659
4238
3917
2891
5662
2958
2007
5102
9066
5219
2039
9002
5799
9052
4568
6821
9378
9430
9412
8902
8802
9446
9390
9202
9616
9398
9530
9566
5650
9488
3856
5202
9464
3952
9290
2272
4315
1747
1116
6331
1712
4135
1202
8952
3171
4919
1769
4578
1836
311
2068
3677
4238
9228
1906
3089
3087
4564
8972
2872
2093
6186
5443
8902
6309
4571
5551
3735
2613
9146
4703
6314
9104
8686
3574
9386
9036
9202
9396
9284
9640
4350
9416
5968
9264
9208
9528
9552
6733
5714
9278
9456
9438
9348
9472
728
1779
350
1869
5332
358
822
152
2195
3517
4291
3720
1100
1941
3595
8954
1784
892
4106
2014
2259
8848
9164
1740
9258
3002
5063
315
9184
1874
9098
9144
8878
3607
1298
1150
4908
8994
859
7082
9320
9066
9550
6408
6090
4645
2681
2321
9462
9348
9432
6464
9460
3562
6807
9600
9340
9500
9592
9370
1910
1969
9364
1739
4627
4452
1312
837
790
737
5141
807
371
9280
1766
2999
1780
1954
9220
6875
5125
9240
8778
8964
4495
5048
8910
9338
4351
6423
5281
3773
3425
3613
9172
5611
2871
3258
6479
3122
8976
5453
9536
9516
9568
9512
4257
9120
9558
9592
6556
9428
9402
9590
9288
9316
9374
9510
4407
9426
4043
9100
149
2929
2819
8808
1015
2698
3407
6928
1863
9006
865
3642
9086
5614
356
5423
1825
2108
4961
5589
3549
1265
9210
8984
6478
927
747
4569
9212
5083
4545
8932
8854
9056
3280
3269
8816
5416
5761
5123
9512
6669
9468
9200
9606
9538
9394
9194
4555
9300
7325
9176
9496
6771
6650
3719
9292
9520
797
4377
1935
4787
4498
3022
5091
5262
6257
1997
5195
3022
1702
364
1116
1233
3653
5330
372
1821
8998
7214
4162
9350
4424
8784
8812
4373
9076
785
1176
2194
4363
763
8928
9052
9020
3225
1933
6914
9380
9360
9242
9482
9002
9412
9426
9342
9246
9466
9000
9218
9388
6889
7326
9308
9498
9576
9614
9212
2159
383
4136
4566
5051
3448
4479
3756
367
1279
8942
2018
9166
2925
154
3422
141
9012
4573
358
9222
8854
6563
5834
9168
2165
2963
9362
5108
3433
5209
9034
8708
3128
2480
5108
9148
8990
303
5541
9512
2770
9198
9420
9544
9328
3457
9484
6424
4676
3708
5553
9384
9392
9534
9352
9312
4017
4787
9356
1845
6525
396
4225
1897
370
2808
9402
1813
4495
8756
1624
6423
2021
373
156
2661
1831
2821
376
9036
6316
5023
9052
3644
5080
1693
9194
6380
9068
5321
9122
9160
9086
1674
5447
3672
4879
9018
9110
9590
9038
8650
6696
9288
9428
9400
9420
9622
9296
9392
9442
9408
4237
9370
6190
9198
9386
6247
8792
2941
759
8978
2865
1182
364
5961
1039
874
2119
372
5241
305
155
150
4574
4987
793
8926
2110
3191
6463
5663
3401
8784
9212
2095
3563
8862
3083
8668
9260
2781
3143
6916
4328
2921
9068
3002
8996
9520
9442
9330
9670
9364
9442
9306
9466
9512
9404
9372
9552
3423
9370
9350
9120
4510
3045
9404
4766
371
1918
339
2063
2127
2909
4426
2146
1817
2104
8998
2972
1702
315
744
4399
2760
6489
2195
2218
1819
9262
9126
3698
5118
4915
1872
9024
6330
5394
4527
8978
1762
2149
9438
2253
9358
9168
4349
3341
9606
9226
9434
9512
9378
9526
9472
9132
9396
9518
9402
7201
6180
9448
4431
9280
9204
9338
9356
2999
337
1734
3132
4438
780
2233
1733
6310
875
9244
373
9146
6343
2827
358
2938
311
852
3228
1963
3942
5383
4568
1085
9292
4980
8852
3071
8612
5354
6454
5111
3974
5565
9210
9046
6514
1706
8828
9226
4391
9420
5399
9054
4773
9488
9470
9290
9152
9336
9504
5269
9118
9462
9132
9340
9450
9574
9214
6605
365
802
6493
9294
8752
309
8776
1668
4520
2166
358
8954
313
1107
369
372
6138
9122
5101
5577
3677
5273
1716
5416
2232
9152
9222
5874
6691
3510
3426
6804
2152
1764
6789
2930
2788
3426
3560
8798
3144
9560
9418
9526
9164
9546
4759
9282
9424
2884
9128
9268
4692
9242
3863
9130
9412
9614
4400
9470
8898
9066
308
1980
4967
4184
3649
1204
2175
9276
3453
814
773
2284
9162
8864
5204
2860
118
3503
6268
8984
771
6543
3831
5084
4480
9326
1161
3846
6871
5488
815
828
6328
9326
8952
9130
5020
9210
9376
9536
9510
9384
9530
6538
3616
5905
9366
9052
9394
9392
9402
9426
6106
4286
9352
3941
3681
9370
336
315
934
1747
307
2887
1818
796
1837
885
6382
1772
5043
5393
6761
5327
1860
1827
1974
3633
9132
3102
6553
1780
8710
5813
4223
8512
3725
6626
4359
3445
820
9140
1194
5301
8916
311
2174
9254
9504
9358
6966
9248
9350
9538
9416
9598
9520
9372
9622
2090
6526
9614
9510
9432
6148
5318
9202
9318
849
1974
8896
367
313
9010
306
5009
725
9070
1839
4549
309
1772
7103
2143
9180
2306
814
4285
2195
9196
3407
5422
8776
4235
2526
9270
3566
6322
4900
4558
2816
3666
9286
8904
768
8778
8660
2230
9270
9442
9504
9576
9140
9494
9386
9584
9616
9622
9406
6501
9352
9448
9380
5354
9230
9426
7010
9378
6911
2060
9250
8818
1084
5633
2936
800
850
1904
1059
3467
9040
364
304
2142
9192
807
5760
143
8906
4660
5188
5186
9170
6604
9238
8826
5006
8990
4585
4824
9008
9108
8740
3594
2985
3050
9346
1706
6744
9590
9614
9582
9472
6367
9464
9354
9094
5915
9480
9384
9478
9404
9394
3773
9508
9264
5285
5695
5015
366
2914
8834
312
1332
2984
4193
1729
863
5713
1841
360
3443
1905
305
2492
1191
8906
372
4302
9010
5938
5243
4288
4436
1885
8928
3893
817
5663
6481
8398
3039
1952
9258
3550
6956
2412
5101
6959
9480
9472
9510
9498
6134
9350
4785
9426
9420
9416
9528
5764
8944
9434
9560
9606
4267
5839
9336
157
1781
785
305
1798
3563
1070
374
9214
843
3488
2000
5743
367
3819
2252
3383
3144
1761
3182
5110
1673
5214
3223
4211
9134
8852
8982
4411
4925
5219
1969
9008
2255
1073
5135
9180
7183
9054
4055
9314
1922
5456
4402
1963
9512
6390
9638
5491
9372
9486
9398
9428
5419
9260
9184
9504
9218
9458
8958
1953
364
3745
2220
3396
922
866
5046
2090
357
6180
9158
9122
3418
9152
2743
2097
1615
3018
802
9266
6132
9210
8904
9146
8794
2034
5034
6041
1304
8936
8752
2149
9090
4265
4388
5110
3663
5482
9176
9236
9502
6900
9408
9310
9504
9426
9550
9334
9024
9406
9282
4374
9354
9472
8972
9272
9316
9336
9346
304
805
4714
772
3990
9230
9024
5199
6498
9080
8996
2124
6133
787
2938
305
1715
881
9070
6586
9142
8786
5187
5246
4244
6611
8976
3858
8882
1820
1675
9156
9186
6508
4474
1026
2042
4233
2913
5457
9544
9584
5507
9070
3090
9262
9200
9458
9498
9156
9426
9584
9464
9436
5447
9536
9364
9488
2014
9474
1011
3585
2189
9136
806
4943
1936
803
364
1663
8926
881
1578
842
4932
2223
792
1182
338
8946
8834
6245
2993
2013
4420
9090
6335
3503
9304
9378
5541
9058
1813
9176
8950
5675
3459
6603
8904
9124
9506
9138
9574
9610
9474
9192
9116
9534
9316
9590
9324
9280
5460
9552
9044
9550
9242
9308
9394
9434
311
6238
6850
856
1833
310
8764
5385
1669
6394
6391
9192
5514
5149
801
3525
3412
366
1944
152
6518
8996
1827
3174
3653
5064
5848
4587
9122
9124
9068
3610
8954
5109
3395
5206
6124
1073
4189
3045
9488
9300
5192
9466
9164
9090
5683
9550
9308
6983
9258
4499
9520
9034
4437
9410
3614
9468
9456
9662
4018
1551
9046
9064
8944
310
2829
2213
5849
4484
3378
8974
6023
785
790
1977
3735
9068
894
2235
9214
3570
5891
8688
6365
8890
5163
3032
9116
9236
9172
9032
4478
9218
4182
2993
2666
4255
9178
1811
9464
9444
9306
9412
9520
9458
9366
5701
9574
4362
6577
9510
3376
9426
9256
9598
9328
9384
9554
9160
3550
2250
6693
1872
1728
8420
1256
1832
2935
5367
361
6368
2995
141
1883
1699
1888
9198
368
6433
8894
4723
4276
5504
9536
6416
4068
5835
9168
9220
3042
3703
2447
1800
5043
9136
5816
9164
5433
6365
6370
5351
3202
9574
9254
9338
9426
9488
9574
9396
9410
5235
9266
9554
9470
9392
9520
4248
3674
9388
812
384
1724
5096
775
306
2756
312
9000
1629
1081
4596
3637
832
1037
878
1842
909
1831
3324
9100
5209
8910
5605
1014
9082
9226
1294
8644
4342
2211
8860
2202
6443
9172
8346
6279
5268
9166
5629
9458
9252
9388
9390
4689
9622
9378
9276
9734
6497
5612
9378
9502
6738
9318
9284
6588
9210
2033
3487
309
826
772
1715
1826
315
3176
306
2763
2974
853
4095
3881
994
2934
6352
1955
1877
368
1790
9226
3730
3668
4989
9174
9044
1091
9018
9198
5333
9170
6143
4504
8962
8934
5873
9356
850
1825
6306
9310
9494
9288
5679
9428
9446
9466
9392
2916
9474
9456
9434
9312
9496
9266
9380
9584
8304
9300
9552
5653
9144
9228
1875
5541
2962
3498
2132
798
1677
1888
1002
1936
314
5510
1734
984
2935
3437
160
4492
9094
9120
4448
9202
4232
9138
3678
9086
9096
3910
3019
9220
5348
6421
1933
5203
4672
4101
2614
5758
9410
5036
6090
9364
9442
9208
9574
6095
9614
4447
9338
9372
9404
9432
9420
9110
5806
9472
6037
5370
6828
1053
370
788
1785
9112
2081
3685
2743
1892
3591
4397
308
2969
310
1292
5119
4361
3722
9460
4431
1861
8958
8924
4757
8926
8780
6285
7117
9166
6487
8916
6649
8810
9292
6999
6866
4337
9126
9568
9488
9460
9542
9582
9480
9430
5102
9418
9464
9368
5882
4777
9582
9614
2382
9308
5277
4519
9138
9086
155
5151
857
805
1787
1712
6143
1041
853
5334
1999
9018
923
357
3391
3845
1775
1137
366
4581
8924
343
4575
5114
4026
8926
2240
378
8882
5558
6804
1644
2906
4033
2331
9242
1293
8704
2576
8646
9514
9514
9384
2250
9434
2385
9220
9590
9454
9094
9410
9550
6669
9328
9520
6621
9440
9120
4192
4077
373
799
1993
2072
8898
306
3521
3158
3475
9110
381
6339
792
1675
2193
155
4485
1802
3432
8972
2121
4909
6338
6679
3717
4688
5289
5765
9088
9076
9108
3174
6824
8686
3523
1882
8670
9190
8700
9210
9420
5293
2337
9298
9394
3593
9240
5412
9482
3733
5135
5111
9116
9476
9482
6734
5287
9488
9094
375
4212
325
1315
4281
5837
304
4315
3887
5350
2113
3603
5630
320
8938
3948
2187
831
1677
857
2174
8902
4412
5897
5087
6538
312
5820
9268
9016
6426
6349
8812
3813
8670
9360
8892
1898
9294
5254
9546
9518
9550
9512
6827
9332
9388
5363
9490
9450
9182
9530
9514
9380
5544
9122
6651
9448
9288
3744
360
789
3638
4427
95
3540
3157
8944
2888
128
6539
1689
311
2819
359
769
309
1964
1754
4473
9116
8740
9124
9080
3398
3134
2843
2099
8992
8574
9002
5539
5860
5190
1825
5897
8662
6601
6479
9154
5409
9362
4683
2161
9536
8740
9646
9488
9356
9616
9362
9266
9044
2202
9384
9558
9586
4982
9098
5878
373
355
8856
1869
4589
7142
746
4462
3363
9198
5957
2009
5373
854
4192
1824
5658
1058
787
4465
4881
5378
1675
9060
9136
9174
1904
4805
9020
5786
9516
6767
4485
3501
8734
8810
9228
5431
814
3654
9442
9340
9528
9224
9480
9400
9358
9440
9536
6659
9208
9242
9506
5299
9470
9384
9464
1998
8948
6815
4997
9324
4367
855
9132
307
6360
829
8922
6372
9234
5429
4486
8704
1860
302
2892
9124
1795
2140
2042
5882
6492
762
9056
5530
1193
4620
6364
2252
9014
6543
1990
4771
8680
6569
9058
9026
4256
6537
9174
9538
9488
6250
9456
9460
9334
3750
9068
1104
9344
9390
8854
9456
9536
9442
9014
5671
9356
9428
6976
852
1928
9210
8876
2654
2205
1313
1033
4437
9162
365
9120
5689
2082
1773
5004
5274
1715
860
3607
1995
3466
8792
9066
8810
9206
5116
3944
4315
6340
7051
1685
4491
9016
2981
8992
8962
9020
8904
9540
9410
9450
9504
6712
9456
9472
9418
9378
9440
9176
9332
9452
5300
9504
9490
9300
9324
9408
9356
6310
1781
2239
4367
363
866
869
2129
3070
9176
1257
2189
2284
8784
888
7093
323
6698
1712
2027
2607
8992
4473
9000
3587
2662
5934
9128
2529
3022
8962
9080
9304
9016
6455
2218
1738
5088
3563
3955
9472
9584
9590
5960
9504
3208
9566
9488
9050
4477
6392
9448
9478
8988
4829
9656
9456
9638
9428
9464
6434
818
9168
9016
308
9064
741
9096
2937
2158
4608
6582
1707
8912
1879
899
360
3565
794
1859
8968
5116
2810
9006
5422
3549
4614
6103
1803
3049
9094
5487
5623
5740
3103
9106
875
3673
1685
6453
4791
3606
6023
9324
6885
4487
9396
9262
9304
9308
9396
9366
9482
8978
9488
9404
4593
9298
9358
9292
370
6018
359
3512
1009
1895
3039
5231
877
6051
827
3230
2326
4053
1769
5481
5763
782
1704
8770
8858
3515
4443
2292
6515
6648
6618
9100
6609
1846
9154
2786
3331
9032
5272
9174
9316
9140
9356
2038
6300
9152
4082
9234
4819
9456
9480
9016
9440
6658
3508
9480
9536
9542
9526
9544
9060
9534
9510
6357
2172
3474
980
1834
314
2816
3669
798
2162
3018
316
5538
1737
773
3186
4434
5448
2266
808
4423
9092
1820
8932
8882
4115
8768
6539
4441
6447
9126
8876
4338
3522
9084
8604
4699
4473
4539
1857
9168
9202
9304
9606
3891
9502
7266
9230
9528
9476
9352
9518
9450
9592
9526
5264
6879
9420
9402
4646
9368
760
2103
8968
3474
147
4474
362
5017
9064
753
797
2177
8988
9124
4333
3399
8886
2730
158
309
3954
4290
1747
2090
1795
4960
4406
8958
9196
5022
9054
5705
2203
3230
6510
6850
5421
1001
6335
9336
9412
6519
4337
9216
4670
9328
6546
9464
9418
9438
3069
9282
9622
9646
9544
9332
1326
4383
9344
9504
8890
8700
160
3077
1920
1874
855
4185
8964
9034
5663
1223
2988
154
308
6616
810
3522
5622
5386
8938
2738
4962
9290
9138
9064
9210
9332
9116
9018
8998
8942
4532
1696
8772
6503
4508
2161
4436
8868
9484
8788
9474
6804
9440
9342
6921
9220
9380
9098
9566
9550
5773
9490
6477
6162
2037
9504
9470
8818
2158
1681
5667
828
3379
4886
8936
1864
1122
3567
2870
317
1787
4467
9016
2914
328
4586
3963
1122
9130
4883
5109
796
376
3190
2911
5102
4642
2962
2138
8966
8898
3633
9126
9070
1852
2837
8886
4394
3619
9600
9418
9568
9464
9018
1827
9144
3956
5281
9552
9606
9600
9106
9426
9430
9496
9072
6731
9512
1675
9114
8848
9170
2315
1752
5192
9042
305
9232
1852
3486
845
8790
2581
321
372
3617
977
1923
4648
9112
9090
4884
9008
8824
5950
3789
4467
5970
5245
9236
1820
9276
3868
9040
2972
8914
9088
6166
9288
7111
9554
9208
3604
9338
9474
9374
9416
9608
9474
9332
9556
9434
9480
5144
9268
9646
9134
3553
1142
9174
8942
305
1950
3859
1017
6450
368
2084
9038
1635
6676
311
4413
8948
1785
2136
3020
4173
6380
2807
8900
5557
9016
9066
8928
1268
4633
3302
2879
4201
3815
6585
1892
9404
4423
1902
9022
9070
9510
6810
9456
9380
5724
9354
9404
9508
9300
9350
9274
9424
9480
9402
3635
5859
9558
9342
8772
9062
5247
1727
1157
6895
1586
9042
3204
310
975
5001
5051
4170
4291
5357
1627
324
2980
5036
989
5660
4094
870
9274
8782
1984
9032
9090
5341
4251
4318
5348
3977
4339
2952
3309
8828
6209
2783
5583
3118
9270
9348
9276
9510
9370
9558
9536
9306
8754
9354
4283
9090
9632
9340
9192
9234
9536
9192
3759
9216
758
4521
2028
2266
6859
75
2146
9124
3441
1805
5057
361
842
6818
304
8260
782
9232
4319
6517
2714
9094
9100
5853
9370
2326
6347
4332
6558
5197
8794
3581
2660
780
3058
2201
9074
9162
8848
1763
9694
9280
9288
9616
9568
9270
9274
9472
9150
9338
9574
9614
9528
9528
9406
8944
9068
9062
9560
9458
2016
3557
313
4135
1985
3017
4916
3015
4422
5280
1889
2943
1945
8940
1855
1868
2168
6257
2804
2038
9330
5197
4339
2310
3798
1823
2747
5272
3592
1630
5289
9132
5690
3654
5772
9058
8840
1825
1644
6551
9520
5281
4642
9402
9488
8380
9574
9504
6604
9386
9512
9202
5368
9464
9418
6810
9640
9458
9582
9412
8754
161
2135
370
5098
1089
305
1981
812
1772
5740
1754
9126
3557
122
890
360
5652
383
803
2673
8966
2857
4364
6347
9248
3876
4529
3012
9264
9100
5503
3399
6527
5929
9002
8888
8874
3651
1720
6615
9290
9166
6789
9226
3676
9270
2972
2998
9396
9498
9026
5773
1363
9090
3843
9498
9342
9452
9458
358
6333
1856
2530
1765
4609
1722
3398
4289
1784
1758
1651
2846
149
4326
870
1822
321
8906
371
8908
9038
1071
6633
4526
8942
4079
9096
5563
5199
5135
3558
6339
3399
6736
3044
3501
9210
4198
3128
9288
9474
9304
9302
9448
9448
5847
9522
9376
2233
6753
5429
8812
9448
9282
9466
9544
9460
9460
9554
8620
312
2775
150
6477
1292
2963
1144
2969
9120
831
8902
1816
858
2230
157
1856
8888
4605
5218
8974
873
6521
8740
2104
5275
2978
8868
5804
9192
9090
2087
6439
4768
8902
8980
3052
9296
1778
4046
9206
2705
9506
9498
9486
9450
9396
3288
9448
9270
9432
9406
9332
9270
9398
9492
3533
9430
6396
9510
870
1874
4726
5707
6687
9024
1659
5561
1159
2269
9170
8884
791
364
2759
1629
6169
1153
9330
1640
7172
3700
9060
3109
1762
8416
6470
6560
2967
8728
3816
1965
4391
5392
4618
6316
2203
1743
1745
5707
8852
7972
9490
9458
9366
5248
9432
9606
9284
9302
9290
4576
9430
6689
9066
9526
9466
9434
9516
9678
4335
1836
2068
8834
800
2972
3069
157
9078
9324
4194
1201
2214
6885
1340
1756
1763
5779
3042
1081
9132
3009
5085
1790
2044
1909
6419
1055
2926
4384
9456
5341
9256
9144
5369
9130
5073
9104
9034
8994
4897
9488
6847
9622
9332
9314
9614
9426
6701
4609
9500
5514
9378
9152
5301
9480
9418
9560
3030
9024
368
1676
1878
5937
3070
1241
1859
4822
9232
354
1813
9068
2156
1689
2127
1891
5119
6567
6102
312
8888
5479
861
1250
6373
6079
2184
4447
6756
9062
5371
4408
9134
3872
8928
4388
9126
2289
9138
3040
9226
9246
9466
9512
9584
7128
9478
3831
9394
9536
9180
9140
9300
6732
9274
9222
9406
9212
9582
5040
8878
137
2756
2019
4449
372
8878
4004
3533
101
9358
6326
850
357
1248
314
2822
1066
1872
9150
9162
8968
732
6364
8896
4624
4555
4356
9062
4550
4467
8914
4059
3257
4271
6456
5117
8880
8976
789
6431
5847
9584
9530
9504
8876
9632
9498
6794
9534
4747
9290
4637
8932
9446
4652
5913
9526
3626
9420
1850
5739
2906
312
2197
4558
5060
9184
2475
3986
811
311
1892
776
764
311
1126
5709
367
2047
9020
9244
6306
5117
3162
8992
2263
3810
1816
5373
6362
5375
8626
3525
8828
4620
3862
9164
2103
5081
9358
9472
9504
9530
9598
5974
9174
3479
3585
9108
9594
9408
9448
5943
5677
9578
9576
9474
9646
9560
1768
6558
2104
883
3483
815
1960
4072
4418
821
2140
798
3491
8948
4344
2812
851
3401
2905
789
4809
4889
6957
5025
6312
2706
9142
4459
2470
3982
1845
1724
5328
5101
5665
9092
5615
3529
5129
1720
5885
6410
9472
9266
9462
9576
9558
2100
9606
9346
9466
9446
9326
9568
6666
9358
6865
9482
9336
9490
2839
1952
1838
1785
1019
310
6801
4515
306
5239
975
8926
841
119
1612
1675
4997
2923
1678
5082
9106
4560
8898
1804
4983
2932
8762
3716
9056
2661
5506
3658
9076
1758
3643
9180
8954
4608
9210
8892
9590
9388
9266
5159
9244
9480
9412
9182
9352
3480
9410
9402
9490
9526
9470
6213
9208
9410
9444
9450
1814
3115
2919
1693
1785
2162
757
2066
1734
2748
870
4545
1831
1782
1924
1288
3051
1831
2799
1711
1754
5628
9024
9294
9096
8960
3813
3417
9136
3461
4109
4294
3028
3512
6780
2694
9122
3869
9076
794
9402
5358
9362
9622
9458
9390
9528
9442
9292
9424
9592
9214
9478
9428
9384
9370
9504
9438
9314
5708
8896
1786
1121
2897
5134
372
6672
5264
2683
317
1695
2841
2609
4959
5145
5850
9074
3676
1975
359
2177
9010
9212
3507
1937
6433
306
9118
9092
8898
3296
9212
8870
1027
6920
9196
9162
2536
6162
8806
2398
9318
9436
9534
9472
9200
9184
9478
6590
9286
9566
9070
9488
9512
9312
5398
9606
9106
9226
9502
1693
2869
846
1698
1102
901
806
1224
5830
2179
5387
2589
752
7076
838
823
1920
152
5691
1680
9218
9188
9128
9232
1739
4307
1804
4697
6083
9062
2107
8984
1710
5623
6297
9060
5266
5022
2093
3128
9496
9440
9402
7450
9018
9448
9148
9568
9488
5839
9566
9134
9382
9474
8992
9168
9078
9582
9338
9254
2053
155
789
4522
145
304
3482
1012
3101
5624
366
364
1705
305
9056
6474
2914
822
8862
9122
8946
4252
4330
6130
6399
788
8936
3446
926
9100
1766
1714
9102
9308
808
1081
3625
9082
2099
2103
9310
6679
9402
9236
9616
9560
9464
3195
4970
9582
9536
9576
6106
2820
9378
9446
9148
5186
9274
9482
809
734
307
2157
8934
3582
4369
1820
9192
328
2048
2900
2701
3380
365
807
1130
3044
1105
5338
5737
9140
4538
6702
4394
9036
4484
9060
5393
9280
8972
2523
3498
8892
8950
2930
8912
6367
2309
9062
1878
9344
9432
9328
9364
8980
4653
5948
9514
9436
9484
9364
9552
9582
9474
9272
9502
5515
9298
9434
2112
4986
3068
3109
2841
2926
1746
318
6119
1789
4884
1674
3100
818
1696
1711
3614
1262
2174
1158
3638
9028
5415
5631
8814
6840
3595
4127
9022
5696
9006
8860
9052
8610
9260
9008
3702
5134
6711
9100
9488
9060
9040
8920
9578
3283
9432
9482
9316
9190
9590
9070
6569
9578
9424
9492
9606
9502
9466
9568
5730
366
8848
5381
3046
849
3694
2368
1907
3359
1624
4320
1275
796
5097
5152
6178
336
1893
155
5690
3780
4507
8954
4938
8988
8806
2621
2071
4353
7002
3730
2964
1768
9120
9270
9358
822
9348
8932
9520
9436
9294
9356
9338
9106
6443
9264
9420
9416
9218
6043
9056
9356
9702
9464
9440
9360
9216
9574
315
155
3484
300
3485
6138
2180
880
6238
1025
1816
152
863
2997
4128
810
1096
329
1804
8648
9220
9070
823
4546
5582
8966
5061
5692
2153
9226
2236
1747
9064
9296
8818
9208
9094
9018
4012
5098
1924
9538
9488
9514
9024
9278
9324
9464
9290
9486
9090
9502
9544
9626
9448
9292
9348
9560
9346
9434
157
2771
4035
4567
9128
8950
1758
8786
310
331
2271
1266
3458
372
8826
9060
4405
5628
2791
9054
5363
1802
9180
2817
3677
9652
4622
4874
6543
5186
9074
9080
8878
2323
9028
8754
798
9280
6661
3629
9092
9504
9362
9590
6908
9436
9488
9298
8694
9482
3587
9124
9544
9504
4072
1991
9422
9640
9204
9566
9180
375
9254
4255
798
9206
8984
1002
5793
862
2070
3493
3031
3003
9114
3415
1769
4152
4229
2052
6293
8020
5216
3620
9172
8930
8962
5132
4424
9194
6523
6557
4806
4538
1716
8688
9310
2149
4561
3169
9136
9442
9440
9490
5399
9606
9400
9544
9456
9518
9404
9320
9490
9150
9460
9522
9260
9606
9624
9560
2049
5629
358
796
8934
2749
6239
8798
767
332
811
369
2015
1685
2733
2671
3514
7958
2111
1709
9156
9214
9218
3471
2834
8984
8906
5284
5605
9026
4326
9092
9070
9186
2189
9002
4294
2260
9072
2633
9420
9118
9138
9440
9552
9212
9496
9464
9382
8978
2689
8936
3649
9290
9096
9498
4354
9386
9654
9452
2533
5601
6161
1774
124
307
1986
8818
1758
2720
2589
8942
6322
6232
1255
8886
316
1728
2067
5071
4483
4147
6545
6011
2766
9142
6131
5631
1683
1948
9032
5766
9066
3369
3461
5956
5938
2853
2919
4576
9590
4357
9374
2263
9060
9590
7166
9480
5360
5355
9382
9512
5808
9462
9404
6657
9300
9220
9426
9070
4121
3622
8898
6946
4589
311
123
3001
2893
4392
6400
4344
839
1800
844
872
3375
9046
740
3549
6576
9326
4269
7010
3252
2921
5003
3782
2993
6587
3045
1723
9082
8888
8832
1855
6745
2601
9178
1706
9590
1921
9386
9480
5787
9098
4534
9592
9458
9420
9328
9266
9408
9536
9418
9554
9520
9500
9260
6825
1035
1614
2583
3591
9020
1815
9008
1797
3058
1683
9162
364
2521
2309
5643
833
8982
5173
4689
3051
4391
9234
2281
9096
4477
5469
8834
5591
9206
6679
6095
9046
9078
8694
9242
3079
4743
2955
5303
3337
9402
9400
2525
9614
5938
1792
9490
9594
9504
9462
9634
6113
9274
9308
9550
9560
9344
9384
9364
9568
3496
155
4640
3689
121
1003
160
5152
2667
5501
2161
9414
838
2178
1753
6420
1881
1771
1813
2287
5753
9084
6555
4412
2047
9126
3096
3807
4494
4604
8908
5070
4299
3087
4587
5546
2656
9092
1759
1677
9114
9174
5841
9320
9472
9504
6528
9074
6939
9234
9576
9452
5275
6959
9560
9376
9442
9292
9194
9394
1010
3017
9044
6929
5518
9054
1920
9190
1079
6409
834
2774
768
2084
823
800
832
3685
875
8926
2312
5145
3388
2010
4058
4385
2176
789
6006
2781
8836
9254
9044
4422
5084
3009
1064
5904
9242
9096
9186
9446
9330
4763
8930
9348
9592
9552
9488
5424
9342
9426
6887
9022
6344
9554
9400
9360
9344
9348
9106
8888
3201
1728
5165
843
3787
2566
1979
1707
3451
4541
6729
5712
8756
4300
5672
6523
1795
6327
4277
3049
7186
5469
6375
9082
1867
2128
8946
858
5797
8864
9070
8832
3413
9290
4752
5977
4278
2999
9370
9574
9352
9458
9394
9466
9436
9434
9412
9426
7139
9208
9056
9474
9482
6054
9606
9250
9528
9444
358
2906
8968
6737
1992
8862
1065
785
7035
4034
5334
1638
9244
375
1348
878
844
1700
793
5681
1710
8738
6278
1928
811
8868
8812
5369
9508
2976
1031
5111
1949
3659
4224
2164
1826
5827
6358
4322
9486
9664
5496
9128
9544
9272
9392
9560
9694
9336
9198
9434
8834
9532
9530
9294
4842
5772
9544
9398
4737
1735
3099
1809
6896
86
2000
5503
6453
2737
3558
4318
8834
866
2842
9042
2679
829
2309
3096
4447
1830
9082
1741
9176
3679
9020
3108
1055
9152
9294
6496
3563
5638
5648
9104
5557
5166
2713
1990
9320
4817
9400
9328
9494
9424
9512
5761
9354
9190
9310
8894
9048
9364
9340
9250
9180
9246
9284
9386
313
6361
9322
2131
1845
5370
5704
5637
1765
3740
9146
304
2213
9222
1699
864
2028
3315
8752
2185
9226
5357
6531
9202
2958
5580
9004
8896
2632
1036
4184
5432
4284
9260
8942
1795
9116
785
9024
9250
9324
9476
5355
9122
9600
9472
9354
9314
9474
9428
9458
8544
5775
9520
9530
9444
9394
9194
9496
9402
1637
2483
913
357
4580
1939
3231
9036
5476
2209
5056
8836
925
9000
5241
764
4390
9146
5484
5025
9012
9042
4217
2788
9000
6999
8938
3764
9274
4377
9036
8974
2794
2894
9070
9196
9046
3094
9186
6796
6864
9420
9036
9420
9342
9502
9330
9044
9212
9372
9240
9584
6210
9380
5291
9092
1890
6630
3843
9316
802
9228
773
155
2082
390
9132
6025
359
838
917
4372
2723
6487
805
4269
6388
2284
1327
2030
6025
6144
5481
8964
3709
9210
8998
1788
9246
4530
9072
4304
9248
305
1193
9158
4131
5602
5341
2145
9368
9450
5947
5344
9450
9506
9558
6231
9450
4009
9372
9350
6615
9256
9334
9398
9432
6086
9380
9362
5850
6645
766
4603
6252
3778
4928
8944
2126
9016
9166
9310
6414
8998
1658
3102
3007
805
6289
1797
8974
8868
2752
3313
9160
3470
9216
9260
9126
6730
8848
4993
4942
9098
3459
4125
4213
4467
3002
9098
9364
6071
6783
9288
9106
9448
9350
4875
9370
9490
9424
5395
5513
9214
9426
9138
9188
9388
9436
9520
1826
2105
8834
8962
3113
377
1079
4179
357
1708
3086
5421
9206
833
1801
805
1832
3426
8968
9226
3142
2242
9106
5127
4380
8974
1680
9340
4421
6789
1006
3738
9050
4283
9128
6273
5383
3532
8830
8594
9576
8984
9362
9072
6413
9654
9394
9266
9412
9108
9440
7129
3811
9512
9456
9314
9638
9510
4651
9542
845
2204
2223
1741
2642
9016
774
5063
361
2109
787
9150
4888
8362
2551
2003
847
5494
308
9216
9078
3276
9066
8056
4973
935
5388
1622
9218
9138
8886
4993
9262
5326
3732
5047
9210
9388
9102
6716
5413
9292
5942
9504
5902
9494
9504
9218
9122
9124
5239
9504
9560
9304
9456
9456
7145
9264
9408
9362
887
3452
1953
8896
3697
1970
1784
3472
5705
309
8946
855
2940
5621
3122
6214
1724
2928
368
1657
8970
5004
9074
8896
2798
3110
8614
5598
4313
2743
5479
8972
2084
362
4405
9168
4019
9000
9042
5096
9450
9512
9404
9472
9134
9474
9182
8772
9376
9232
9276
9502
9480
3800
9270
9156
9448
9236
6707
9452
146
2744
9190
1962
8902
2188
4392
839
2917
5035
2011
1841
742
9012
3525
306
855
2084
754
8858
9110
8844
9240
8796
4383
7178
5360
9026
1886
8878
9010
5375
3410
1827
740
5553
9322
1695
8958
5174
9354
8642
9544
806
9112
3474
9244
9076
9392
5324
9064
6048
6719
9544
9570
9320
9462
9214
9466
9374
774
2896
6518
1015
129
6423
157
1817
319
743
767
1903
864
9034
844
5882
4520
762
2761
881
2686
2873
5116
3060
5761
4562
9262
9090
6419
2991
8918
730
2815
9292
1862
3574
8904
8902
6050
9102
9420
9040
9416
9338
9528
9552
9542
9390
3092
8998
9550
8556
9442
8858
9402
9232
1880
8930
9452
3580
2257
1181
1711
2492
2029
2006
3021
1695
2971
3233
783
1774
6234
1839
1727
149
1628
8886
2120
5521
5067
4224
8998
8996
8996
8878
9396
3537
2966
9146
8984
6147
5047
8894
6240
6385
1644
1586
8998
2188
9638
8998
8660
9324
9512
9376
9704
9590
4581
6554
9340
9426
9132
9488
9312
9314
9590
6893
9400
9304
818
1991
313
6155
1274
2310
8706
1890
305
156
3537
802
9224
9072
3151
156
1255
9126
2248
1816
1186
9158
5394
4878
3581
2775
5763
3049
4653
2665
8944
4903
9184
4543
9032
2251
8952
3734
9148
5202
9434
9090
9422
9238
9426
9268
7260
9454
9568
3017
9390
6500
9390
9536
9606
9504
9064
9456
9394
9550
721
1619
1241
1999
3412
5719
8944
1820
8808
797
3358
3511
1067
4953
4310
6543
3367
5257
2202
5826
9026
8918
1889
788
5564
9272
5496
8776
1832
8912
8840
2819
8136
8766
9302
4291
1871
9348
3488
5586
9376
9396
9456
9154
9462
9276
9512
6283
9370
9434
9420
4736
6966
9462
9542
6084
9424
9582
5254
8908
8896
8994
2064
2804
4447
3447
3421
8624
364
827
9302
5419
3328
1787
5509
2136
6612
3711
2899
1750
8926
5651
3663
1718
9106
6463
5439
6440
4542
9062
8844
8784
9248
797
2692
3128
8874
5641
1740
8998
9426
9404
4448
9396
3725
6559
9586
9606
9466
9426
9472
6057
9520
9584
9566
9356
9456
5143
9476
9342
5225
158
837
2972
2131
1309
9094
1258
6209
5646
1047
723
2560
1757
9140
4986
3064
9236
1818
5385
9266
9252
4346
9152
2074
4369
4378
2178
9010
1754
9042
950
2994
9090
9382
1640
1651
4337
365
5823
6477
9330
9424
4552
9316
9504
4649
9346
9560
9336
9326
9550
9464
9498
5555
9542
9482
9504
9504
9344
310
1080
8668
5425
821
304
799
9098
5390
1199
905
866
1759
9094
1051
804
804
5906
4611
2091
5127
4973
6625
8620
9002
9084
6132
9244
5199
8878
4475
2261
9146
8800
6168
4233
3426
3020
306
821
9372
9406
1094
9388
8948
9480
9482
9474
9296
8930
9196
5455
9434
9482
9404
9384
9566
9332
9450
9448
2947
363
2972
1733
9140
1670
3143
369
2949
3153
6617
309
745
2757
3463
5247
4707
1891
8782
9002
4356
9022
4447
9100
9246
3367
1658
3651
4650
8950
8838
4463
2814
2924
4200
9194
4565
9092
791
8826
9534
9196
6361
9526
9368
9378
9294
9534
9334
9290
9568
9252
9338
6440
9094
9250
4096
9292
9234
9558
2230
4391
315
8792
2837
4698
5788
1761
3001
366
3571
1730
3777
3595
2178
900
4676
9092
6805
5763
9174
9076
848
4587
8754
8982
5579
3501
8984
9062
9228
1748
9122
1939
3096
2214
9364
1274
9322
9022
6517
9340
9480
9296
6392
3707
9542
9404
6279
6669
5685
8740
6720
9306
9338
5798
9566
9454
4370
5923
1714
9208
799
310
4384
305
5758
9094
1754
376
5469
1758
8850
2915
315
9192
5855
2926
2961
3590
2011
5944
4209
2074
6331
1951
3174
8952
4344
8920
2817
3092
6138
9066
6559
2888
2689
6427
1711
3541
6730
9154
9464
9598
9536
9412
9502
8370
9082
9546
8662
9594
9380
9246
9574
9504
5056
9260
9566
9348
6398
1858
8304
9060
3559
2142
1325
157
362
8942
1239
110
5714
880
5835
2863
3476
1216
1004
3306
9086
8896
9226
9024
775
2726
2792
5040
757
9078
8590
8636
9206
8898
9156
3622
3544
8982
730
1994
9448
9498
9472
9036
9318
9606
9480
9394
6605
9138
9598
9502
9514
9122
9544
9418
9542
5865
9148
9432
4469
1880
1742
2336
1993
1814
868
1055
307
1196
4590
1875
3177
2244
3155
5071
1931
9020
1638
8906
8864
5381
4161
9282
5491
9214
9272
5672
8630
5483
8974
8782
9208
5385
8992
5134
4694
9268
5348
5150
6539
9222
9356
6310
9422
9368
9542
9212
9498
9332
9326
9352
9230
9518
9566
9638
9434
9242
9152
4405
904
1245
1375
5117
3908
830
375
4242
8970
4091
3166
856
1127
3188
1969
390
1735
1894
801
6157
9090
9518
8788
6496
5844
3412
8882
2007
4420
8866
8072
9286
3285
2008
6054
9150
3852
2173
5300
3749
9424
9434
9426
9552
6552
6880
9452
9258
9456
9488
9410
9098
9404
9446
9590
5640
9514
9278
9066
9114
1838
9008
1709
9108
5657
3124
370
313
383
792
6570
1588
2278
9122
9228
2036
4603
8966
3488
2969
2780
5941
8962
9054
3508
6554
9004
8968
1905
9194
1172
1373
5613
8958
3460
1576
5216
9076
5407
3064
9456
9418
9542
9622
9394
9342
9514
5754
9268
9542
7262
9322
9560
3983
9560
9598
5095
9122
9512
9614
5444
4381
1705
4475
5866
6741
2164
5641
3836
6742
136
820
2007
1726
8980
883
3517
3417
4346
1348
5021
3647
3244
5096
5351
4335
5153
3751
3603
5678
3815
4359
1013
8872
7035
1784
8864
2007
9096
9042
9356
9480
9378
9214
9474
9346
9370
9416
8736
9544
9450
9190
6654
9036
6381
9330
9566
9464
6747
9504
3086
9134
2257
1821
3014
405
8560
1741
8892
356
9012
308
1722
1953
1072
9016
2940
5520
3068
8710
3423
2484
5038
1962
9034
9270
9108
3581
2868
7162
9024
9262
2795
9102
4085
5714
8972
1192
785
2192
9592
9520
5444
4936
9402
9386
9284
9306
9250
9504
9420
9348
8866
9408
9576
9458
9480
9308
9632
9418
3600
1844
309
8816
3452
6287
5729
3804
3009
1827
2203
9248
1814
6102
8928
8870
3532
360
1714
844
8928
3752
9010
8998
4565
5194
9106
8780
9000
2255
9038
6722
5829
4522
5630
4207
3464
796
3545
1959
9408
5208
8974
9304
9472
9520
9252
9568
9510
9562
9452
9268
6685
9512
9276
9450
6570
6026
9476
9648
1613
849
8740
1053
303
2111
2257
799
6189
6219
9038
2690
3677
9134
5660
8936
754
6751
4356
1724
1806
8724
1859
8986
6264
2069
1537
4611
5440
8858
4623
4688
3515
9240
8810
9038
5194
5076
5450
9234
4507
9572
9606
9566
6586
9582
9082
9598
9546
9410
9436
9070
9458
9632
9394
2318
9378
5773
6314
9416
816
151
1702
1676
1678
2000
389
779
2130
5223
9134
2144
5547
155
8892
1726
1076
9198
2233
2199
6454
6698
3728
1260
5294
4297
955
5552
5022
9026
5491
9066
8556
2895
2950
4290
9196
9302
4175
8860
6387
9558
9484
9530
9152
5105
5272
9148
9496
9514
9646
9452
9496
9202
9386
9480
9222
5895
9458
9450
3330
2198
3479
1702
1189
3395
4722
8838
160
8856
3393
6861
313
2664
1118
1283
8896
383
6036
1947
763
956
4835
1029
9070
8866
938
2988
9082
4834
8792
9190
1880
8920
1884
3457
5619
1969
1896
306
9590
8486
9464
9348
6756
4260
2979
9490
9436
9482
9568
9512
9284
9504
9402
4504
9570
9364
9512
9458
309
4389
1062
3276
9136
3034
1851
2111
9084
7157
1043
1802
5438
364
8756
789
3916
9088
6547
2192
8876
9032
5816
5736
1636
3669
1987
8962
9040
4136
8900
9106
9378
8932
8946
9136
872
9030
4159
4314
9512
9498
9512
9562
9356
9380
9526
9218
9520
9480
9452
4600
9456
9118
9360
9056
9476
9518
9480
9456
1766
4331
9076
2305
1826
2994
9116
8860
307
1870
2962
6201
752
817
887
1629
1192
3395
839
5859
5294
1888
9182
6838
3321
8944
4852
5257
9078
8790
2786
8716
1007
9228
9118
9126
5933
8928
9274
9236
9428
9622
9226
9590
9418
9536
9488
9430
9320
9282
9472
9202
8868
9348
9392
9364
9388
9526
9112
9170
2044
4825
1175
4328
9106
955
5558
1310
3465
372
2218
4385
4566
9314
9052
909
2268
1650
364
2217
5319
9324
6250
9310
8732
9008
9106
1691
7014
5581
9074
9056
5172
3950
6603
1107
9260
2694
8902
313
9272
9512
9442
9566
9560
4443
9180
6420
9544
5707
9330
9306
5421
9688
8954
9496
4889
9506
9408
9226
9192
832
8924
369
806
9136
1034
861
1682
4362
1194
2037
168
9172
2109
959
1864
6201
8930
3488
4504
6493
3113
8934
8944
2202
9274
2627
2239
3295
9050
4364
6998
2625
9242
2185
5990
1844
6112
9168
9434
9056
6067
9292
9292
9404
9552
8828
9554
9502
9142
9342
9124
6242
9560
9560
9434
5057
9416
9536
1719
5193
3549
9080
8860
2101
157
8948
1835
4941
3135
1964
5639
8938
311
163
1068
827
1799
4526
9344
1831
4350
2073
2800
9158
4932
8784
4209
8974
5858
2093
9136
9136
3181
4472
9266
8950
9120
1848
9558
9592
9454
9418
9630
2989
9494
9504
9186
9678
9456
6074
9576
9566
9362
9206
9334
9128
9236
9322
1850
9332
5247
1049
797
1972
1880
8610
304
2151
8916
800
3662
9022
6393
1980
5012
315
1062
5066
6552
9130
2216
5678
9152
5251
3660
9012
6433
857
9220
9118
6061
6187
1697
2128
4628
6943
8826
2187
6354
9286
9504
9250
9576
9364
9350
9456
9458
9522
9552
9386
9266
9454
5666
4475
9358
9400
9408
9536
3572
1812
9110
1128
2056
763
9040
1665
9274
3605
357
4920
828
788
8560
9246
9292
866
2310
1899
9236
6059
6238
8882
9096
9124
4637
6611
5490
9474
2367
8638
9044
8994
9292
6625
8924
8858
9184
9130
9426
9514
9386
9520
3059
9546
9416
9162
9026
3588
9406
8866
9378
2935
9512
9554
9372
9466
9466
9560
9112
4386
1015
9192
1299
4184
5567
2630
1683
861
6595
877
2821
159
305
3445
6273
801
1716
9022
4876
9136
9196
6930
6818
3708
5018
9064
9148
9266
3332
5384
9102
2019
8984
9116
5482
4399
9264
9124
9312
9002
9138
9504
9426
5482
9520
9400
9220
9622
6552
6540
9100
9534
6804
9568
9350
9358
4397
9444
6199
4493
6243
2025
946
2008
1132
3578
2844
1318
3027
8920
2848
718
1827
5091
862
3606
4454
4263
5516
9270
6507
4733
8794
5020
8904
2224
6449
1097
3097
1937
6258
9230
6617
9020
8792
8618
1723
3675
9478
9482
9506
5441
9238
9518
9402
6465
9598
5465
9494
2959
5385
9386
9392
9622
6764
9472
9208
9638
5691
1849
8996
8830
789
6768
391
1869
1341
2827
1912
1951
6917
9160
5459
1338
1838
1137
1270
6337
6355
4290
5416
6187
9276
9296
5659
4157
9152
2840
9200
2222
2144
8752
4568
4436
1243
1804
2689
8958
9448
9176
5759
9506
9522
9646
9312
9560
9312
9412
9272
9238
9526
8942
9472
9380
9432
9138
4471
9558
2210
858
2124
5353
797
9360
9118
357
1712
1261
776
3497
1072
778
6604
6272
9162
2356
1851
6198
3564
3700
4328
9200
1819
2240
766
8996
2953
8946
9126
5304
8778
4567
5700
6119
4921
2849
9164
4630
9374
9460
9410
6581
9624
9402
9512
6488
9304
9284
9238
9420
5802
6593
9080
9498
8976
9482
4418
9542
8848
1737
5145
1877
306
3387
6577
3441
1072
1727
6594
1945
8574
1198
357
1523
1847
8984
852
858
2331
9076
1748
3070
3024
5016
6382
9016
3034
4487
9226
9104
8446
8810
8882
4953
8966
3065
845
6367
9368
5297
9364
2187
9322
9490
9562
9292
9566
9518
5069
9368
9396
9502
9514
9326
9512
9304
9464
9228
5524
5593
1758
2946
5222
1731
5316
953
8792
1007
2124
849
3106
3565
802
4555
5315
369
6092
1019
5044
3542
3783
1890
8906
9096
4943
873
3835
9324
1084
3461
8916
3632
2182
5248
9054
8902
9284
3560
5730
9480
9480
9528
9460
9228
9360
5570
9462
9480
9502
9488
9528
9372
9558
9342
4596
9544
9360
9304
2769
9110
4234
2784
3126
3545
8974
4423
815
6127
374
3474
788
2484
9210
2081
2962
8946
5718
6700
9126
4324
2025
8878
9146
8946
2299
9238
9224
9174
5249
9164
5388
9156
8840
9260
9212
9188
8782
9126
9568
9058
9428
9248
9534
9474
9678
9418
9358
9262
9646
9290
9464
9488
9458
9646
9356
9474
9334
4586
8740
5488
1691
3431
1794
2159
3061
798
839
9244
2799
5375
2116
1789
6363
1195
9066
1681
2838
1740
5149
704
2279
4624
3186
2941
4473
8988
9012
3017
3588
5243
5485
4218
8860
6687
5259
9224
3093
8906
9448
5893
6590
9448
9260
9324
9472
9356
9464
9434
9378
9536
9474
9386
9222
9542
3589
9544
9134
5493
4400
8818
4945
1232
826
1832
6354
851
859
775
307
301
159
3769
806
3568
5245
2148
2839
795
5679
2929
5570
1877
9184
4373
6541
2981
4664
9232
2156
831
9132
8644
4426
2759
4541
3042
7211
9340
9576
9478
5351
9600
9512
9538
9350
9482
9278
9028
9514
9526
9590
9370
9568
9472
9264
9504
9402
2933
1696
3032
9236
5148
360
1853
5183
9000
5029
9048
6487
9096
376
9224
9220
5267
5283
312
2737
1873
8792
9172
5732
5180
1337
2593
9128
6803
8988
9042
6330
4513
9116
9244
6637
8266
5002
8676
5793
3870
9434
6876
9194
9566
9266
9426
9190
9324
9590
9242
9404
9356
9592
9490
9380
6332
6524
4625
9558
9198
3436
782
5001
1866
6569
147
2611
769
2212
8856
865
2144
9054
4266
9238
1239
1067
3032
1682
5023
6425
9262
3004
9396
9028
1724
1852
7034
6764
3018
6874
5387
5671
5976
3427
8516
8964
9110
9188
5386
9614
5602
9552
9466
9582
6500
9566
9630
9534
7299
9394
9242
5779
9268
9600
9598
9568
6599
9002
6528
5906
1835
1848
1882
6066
138
4530
8756
3545
2196
8974
901
5441
8776
8972
1774
3018
2825
1669
150
6679
4328
1189
8984
2828
5012
9264
8534
8994
5417
8962
9082
5781
8964
6406
5332
9144
3376
8970
6667
9408
2267
9558
9336
9386
9472
4801
9582
9568
9468
9434
6301
9166
9384
9192
6061
9472
9496
9646
9382
4538
1005
1822
5412
941
1880
9084
803
2980
9214
2972
1293
2051
3273
5370
1048
9064
6574
1294
803
9042
1063
2543
5464
903
8966
3813
2001
2172
4671
6661
8916
4436
3792
3494
3650
3458
4606
6616
5287
3623
9576
4579
9290
9508
9398
9574
9448
9454
6844
9578
9460
9336
9420
9024
9622
9318
9512
9384
9448
2890
4355
3630
1802
1868
1807
9332
6340
8926
5438
2988
2720
3106
1951
2650
2681
1831
3124
2156
1928
2993
9260
9072
6656
1741
5163
3779
1890
1048
8962
8662
8844
3659
9256
8598
4458
4395
3407
8938
5349
3283
9480
9562
9526
9258
5652
9528
5700
9488
9464
5820
5754
9638
9472
9254
9356
9194
9424
9482
9244
6695
6672
3988
1896
805
6098
3021
849
3585
1804
3606
1803
8934
805
4341
1786
2546
2023
3028
1954
2957
1995
8994
5972
3449
9258
8896
887
3591
4999
9322
5415
6180
6403
9244
9112
6217
1000
8994
9586
9456
9076
9520
9192
6165
9434
9474
9388
9308
9426
9544
9362
9502
9330
9440
9212
8186
9530
8730
9412
999
3232
805
9138
3504
1872
1288
9008
1896
2148
826
3432
1977
328
1797
365
1739
6212
8846
4622
1891
2961
3755
5708
1934
8926
9186
5036
4323
3557
2653
6015
2128
6157
5813
9134
4947
4949
6558
304
9574
9456
3180
9386
9318
6817
9204
9388
6491
9402
9432
9472
9426
9342
9526
9436
9166
6174
9512
9450
1912
2916
9164
8792
2924
1252
3746
1730
2141
383
5689
3482
1817
2571
2965
1670
8774
9240
9028
4315
6933
5203
3037
9002
6408
4231
4794
6556
1703
8864
311
4589
2898
5724
4917
6682
2210
311
6200
5264
9418
9444
4667
9264
9474
9228
5923
9576
9616
6604
9314
9592
5611
9560
9520
9112
9614
9474
5864
9534
3516
2414
1900
156
369
306
6234
6899
1762
4563
9432
1094
5100
740
5460
4450
9212
2320
3339
2517
9144
3542
8816
9332
6632
8976
2851
8820
2037
1906
6314
9020
9312
9068
5438
3108
371
3069
5467
6211
5885
9622
9246
9294
8238
9530
9594
9234
9396
9418
5533
9510
9388
9482
5264
9530
9362
9408
9436
9536
1074
8876
782
3020
8744
3561
5779
2279
374
153
308
2774
2731
3298
1852
5481
866
1813
833
3496
9178
3889
9210
1135
9204
6767
5485
9028
1963
5410
5768
2187
4266
4888
1235
9008
1584
4097
4562
8846
9392
6297
9512
9504
2089
9488
9262
9172
9268
9496
9358
9428
9218
9380
5249
9534
4542
9084
9442
9702
303
3081
5444
1650
1805
6098
1700
5082
2139
9100
5232
1877
1721
795
1883
1938
1934
9112
6449
1587
5107
4866
9172
8994
5548
8826
9230
2181
9014
2029
5020
5928
9156
8840
782
4613
9220
9256
9220
2266
9208
9208
9418
9332
9364
9432
9372
9526
9092
9410
9446
9488
9412
9424
9412
9614
9210
9592
9660
9384
1279
359
5525
9108
5004
9164
6124
358
155
5926
6317
363
844
9412
9346
3616
808
872
785
3011
4003
9020
1739
7035
8894
9024
2584
789
3359
8924
6615
6022
8958
5697
8868
9078
3113
388
2948
8966
9574
9518
9488
9522
4394
9266
9206
9446
9184
9536
9526
9372
9480
9576
9496
5193
9230
9590
9544
6608
2992
9174
6657
2359
157
8498
9012
809
2976
822
160
9154
865
6117
2785
1072
8818
90
2651
3047
9316
9298
9018
9302
5483
9278
5691
9034
1269
5448
726
9656
2170
5234
3301
6841
8954
8322
8184
5427
9614
5462
9570
9464
9520
9594
9402
9552
9544
9186
8842
3151
9518
9234
9576
9478
9476
9464
9394
4561
2969
5046
2776
370
4976
818
6256
3375
1907
1796
1859
4958
6973
990
8980
8858
2924
773
306
368
4529
9090
6284
9294
2951
9018
4494
8926
5479
9162
4305
9224
2190
9454
4922
6283
6808
6205
9314
9106
9128
9568
2087
7144
9294
9310
2073
9584
9142
9502
6481
9320
8948
9420
9576
9624
4436
9078
4473
9150
754
4616
1919
4593
759
2926
3582
1870
837
4299
8974
3147
8954
5351
2115
9230
8826
4404
4979
2842
3569
8954
2969
5242
6603
2677
9074
6381
8968
2640
4947
4515
4236
8648
9022
3364
6508
6431
5004
8934
9566
5494
9410
9550
9704
9302
9430
9378
4217
5818
9552
9496
9464
7340
6849
9546
9438
6308
4020
9440
1124
3704
1717
1996
1789
2320
5176
9094
6505
1730
2959
366
6356
4562
1838
9078
4982
1096
1993
5407
3713
5172
6386
9248
916
3920
1843
9158
831
6509
5637
8936
9072
6740
3693
2125
3954
9174
3489
3753
8818
9466
9420
9394
6427
9228
9236
9326
9380
9212
9504
6437
9526
9348
9338
4729
9394
5720
9196
9386
1669
3435
310
1190
1224
2144
9028
1031
2103
863
2908
2961
4341
5145
313
3438
4484
3629
1769
3703
5125
6250
1714
3486
3135
2893
9192
782
8980
3616
8938
9052
5079
749
9162
9122
8982
2106
9196
5475
9292
9378
9510
9356
9268
4666
9046
9450
9710
9430
9324
9410
5406
9632
9538
9306
9234
9544
9364
9508
6475
363
2993
6236
5498
2861
8610
1893
8836
3157
924
2140
8850
8966
2605
2890
1710
833
805
912
9028
3137
5243
2261
1817
4254
4253
5373
9268
8726
9158
5719
8632
2626
6610
5545
8896
6347
8682
5861
9456
9332
9590
9382
9390
9290
5422
5723
8460
9544
9234
9370
5544
9468
8822
6933
5505
7144
9520
8458
811
9054
1176
2421
6721
384
3306
2157
360
2106
836
2043
4985
1934
5748
305
3254
3633
3366
5793
3471
5332
5398
5639
2108
9032
5699
5172
8972
3425
763
4414
8852
6921
9196
9182
9194
5297
9240
9116
4452
9498
9320
9408
9490
9486
6916
4264
9430
9244
2150
9442
9488
9566
5497
9646
4401
9298
9084
7034
9084
1888
4247
6600
9024
9068
152
9020
5659
4700
8946
5540
374
6210
821
5855
1839
4584
154
2040
3646
9010
2223
862
9342
8982
4653
4992
2925
4026
6421
6710
6341
2860
2987
3716
8826
6387
5184
8960
9436
9426
6820
9418
9482
9520
9366
6704
3196
9470
8796
9424
9436
5207
9354
9188
9544
3174
9400
5135
3034
1750
2984
8936
881
798
154
149
9100
1711
1764
9006
6589
5682
5197
2542
4677
8692
1662
2851
9004
9156
8966
9000
5631
1201
5165
9078
6630
9024
9228
2149
8996
5139
8814
4988
1937
4400
7047
6293
9414
9388
9196
8800
9496
9342
9490
9396
9504
9638
9560
9352
9324
9498
9158
9530
9442
9408
4539
9392
807
5367
5784
2194
5184
1712
9108
3675
998
1773
8874
2264
3220
362
828
369
2731
1704
3463
2903
5544
4997
5429
5037
9190
9414
4505
9110
2897
4446
5520
6357
305
2789
8800
3511
2888
1954
9052
5779
5348
9622
9410
9576
9558
9264
5943
9326
9482
9608
9466
9464
9340
6724
9270
9472
9526
9536
8962
4434
9018
5426
990
9248
2037
9122
368
9006
720
1877
8948
3578
1896
9208
992
1949
2188
365
4561
5066
3648
3451
4279
4492
9004
9170
8708
6634
9004
3523
847
6369
5668
6524
5088
2110
5906
8940
7169
9338
9376
9290
9316
9332
8924
8972
9384
9560
9590
5075
5817
9566
9526
9400
9404
9464
9404
9686
9304
9480
1899
2178
9012
6343
307
4816
5473
977
2140
4711
6461
854
1946
1732
870
158
793
9012
1735
8784
1928
9210
6438
1826
1552
3011
9168
6912
1735
2149
5772
8286
918
4841
4827
5143
9034
9010
4257
1974
9258
4276
9510
9496
9368
9334
6262
9458
9080
9404
8864
5849
6963
8824
9512
9464
9420
9624
9378
9372
2159
1996
9034
2298
1919
1363
5017
9280
751
5112
4997
2304
6457
6638
5012
391
5443
9168
1704
1042
304
8982
1148
861
712
8972
9204
8964
3528
8828
368
3007
8948
2852
2202
9270
3390
2877
9172
8782
9598
9504
9584
9150
9368
9192
9440
6649
9502
6371
8934
9474
9324
9554
8860
9582
9518
9136
9482
9346
2632
9254
9016
8846
8990
4313
5014
2660
993
9252
9174
1753
5219
2094
727
9028
852
862
877
2571
2460
6201
2199
3635
9070
3742
9146
2591
1643
4210
6616
3474
5069
6942
3011
6933
9034
4110
9140
1818
4445
9456
9202
9536
9408
8716
9414
9420
4642
9654
9622
9578
9250
3685
9252
2763
9538
9336
9520
5662
313
8554
2566
1842
8884
9312
4778
1875
8730
991
819
1664
3502
1987
1080
5868
2521
4514
8788
837
9156
3820
1743
5575
8974
3733
4382
6343
9372
3455
6897
8872
2875
9290
9298
9172
5253
4538
4648
2868
3137
9460
5524
9492
9458
9570
6612
9404
9568
8660
9350
5988
5370
9362
3210
9522
9374
9494
9380
9214
4422
2926
4121
811
1925
130
3496
788
2854
9078
744
1898
5144
1028
5359
9260
855
5669
2361
861
9050
1024
1920
4780
6475
2694
9370
5236
818
2126
9062
9114
9302
9020
5976
4330
6674
5353
9410
8818
3687
4573
9392
9568
9552
8568
3479
8960
9380
9484
9294
5440
3026
9412
9576
8970
9346
9312
9338
9458
776
8902
1894
1075
1866
3732
2490
359
5387
942
2880
1874
5384
2142
153
9270
2669
4503
334
1844
6578
8776
9074
8792
6682
2995
7018
1687
9130
8844
2217
5100
9180
3105
5218
8960
6603
8784
8814
9126
9528
9482
5314
9116
9286
9422
8942
9542
9522
9418
8894
9348
9518
4593
9574
9530
9552
9292
9490
6465
1697
716
8982
1135
1075
9012
6397
312
2794
365
9238
8774
4420
2046
875
9022
1779
9352
1740
2871
8924
9192
8966
6810
5180
4311
1761
9052
9046
3064
860
5154
5221
8662
6044
2723
9160
9206
8806
6277
9202
9410
9442
8876
9630
9116
9420
9426
9520
9396
8058
9442
9488
9482
7153
9296
9412
9132
9102
9528
323
8850
5275
364
9014
830
1147
9142
1725
6990
2209
9270
6397
2199
8912
1036
311
379
5040
5554
2897
5124
8948
5994
4615
9258
3428
792
9298
6706
8994
6422
4348
4345
1733
3570
6495
4992
2542
5432
9454
9076
9364
9246
9454
4111
9092
9222
9402
9522
9360
9420
4567
6756
5877
3604
9308
9386
9520
9094
6340
793
1878
8856
365
1696
776
1901
2330
1773
6258
4326
796
9066
5646
6896
2230
4995
2023
860
9216
3519
8798
1674
3114
980
5344
4907
3040
9058
6340
1810
1852
1061
8868
8922
2295
3489
9254
6468
8826
9380
9342
9528
9356
6075
9654
9430
9480
9196
9448
9370
9450
5454
9544
9506
9622
9582
9536
9330
300
155
806
6404
791
858
2772
4668
796
9432
6105
5607
311
1010
845
1840
5057
4407
851
6218
8592
8974
6322
6262
5835
6715
1836
9284
8848
9054
8998
4543
9414
4335
1601
5161
3714
2834
4505
4661
9174
9530
4644
6450
6530
9402
9274
8934
4398
9348
9412
9420
9512
9494
9318
9378
9498
9292
9432
9200
2476
5079
5873
3485
8792
1879
867
1916
8922
323
2130
8846
1055
1943
3628
6003
1769
1023
8936
5155
743
9124
8516
8940
4195
2000
9208
8856
8950
9002
4348
8872
4200
3470
2396
9100
773
2881
3482
8896
9488
9382
9430
9512
9338
9496
9474
9434
9298
9550
7052
9510
9592
9490
9538
6632
9292
4619
6065
5318
1890
979
1804
306
5030
6309
6267
1801
1959
156
5659
8808
5723
363
135
9314
1862
3514
2887
4185
9128
9066
9014
8198
8832
8890
8936
5250
4331
4480
9098
9334
8984
6702
5550
2698
8876
4615
4560
9256
9452
9114
9576
9412
8982
9482
9614
9508
9616
9338
9550
9536
3654
9494
9464
9118
9400
9402
9402
9260
798
2940
1943
822
2751
1785
1735
2265
361
8968
2499
785
2089
5208
3606
3037
3112
2072
3119
1810
2077
2856
9122
4007
8838
8848
8634
8874
3470
9002
9114
8932
8736
3724
6081
9008
6099
8992
2168
9070
5798
9464
9598
9480
9608
9442
3610
9330
9268
4434
9544
9434
9486
3723
9086
4777
9046
9582
9354
9424
863
5185
1112
9168
2769
3643
2884
6267
5211
9276
785
3129
160
1624
8940
9296
793
8644
8726
2056
5768
2778
9156
4559
2119
3239
2308
9148
8874
9232
5448
9200
4721
6538
8926
8922
5428
9168
738
9176
9412
9298
9480
9590
9590
9412
5269
9534
6961
9528
9574
9512
6425
8830
9304
5880
9520
8776
9522
9258
1822
5854
848
2061
1890
3363
3949
9176
2336
3654
5521
5249
5000
8862
317
151
9230
9106
1041
372
9386
8854
8132
8806
9224
4437
1670
3049
2044
5400
9142
8960
2198
4963
5938
3315
6584
9262
3910
2225
9166
9464
9472
3588
9560
6825
9270
9058
9472
8964
9374
9482
9566
9386
9472
9320
9536
9482
9286
6153
8622
1760
9110
4220
9038
4089
9526
6109
359
311
366
1826
2744
4928
9104
6177
9132
9160
8958
2829
9056
8652
3527
9150
6635
4589
2627
8834
5016
3917
5437
5307
8988
5641
3104
9076
3591
9306
3646
8906
7284
9340
9608
9448
9368
9552
9370
9520
9468
5975
9450
9530
9208
9266
9434
9418
9344
9558
8882
9302
9278
3569
4393
8574
3370
1783
5583
2709
1793
1976
2167
8866
881
6467
1616
4804
809
5431
9136
2923
2572
2228
9192
1726
8148
5318
6461
8940
1765
8892
9238
9080
8934
2164
9098
4504
5505
2873
8824
2932
9278
9510
9466
9462
6115
6624
9466
9490
9480
3933
9536
9502
9512
2055
9426
9420
9342
9496
9654
9574
2979
3586
3446
8614
4235
157
8996
2732
1837
4351
5694
1684
848
304
2601
4367
2996
319
738
8852
8934
9300
9032
9054
5719
1637
8878
9130
8760
1629
5933
4557
306
9146
8940
8890
4717
9298
2817
4418
9316
9216
4935
9134
5082
5764
9478
9592
4328
9268
9600
9536
9110
9232
4307
9372
9342
9148
9418
3011
1013
5347
5738
9078
1028
8866
9042
2339
3245
784
366
1836
2241
4222
1660
2271
2021
1076
3287
8852
5639
5752
8460
8856
3342
5577
850
5008
3596
2914
2723
8860
6651
2032
8938
4283
3559
4475
5064
3338
9638
9472
9436
9322
9566
6718
9190
2068
9388
8982
6269
6914
9170
9176
2743
4368
9544
9544
9544
9356
5567
3451
9064
4963
6637
749
3790
818
3789
8956
8960
1087
5632
8832
8924
9182
8778
1015
866
2898
6260
8970
1298
5622
4995
9032
8680
9088
8902
9100
9184
1296
9006
1733
9248
9154
9098
5727
1764
4919
4932
9558
9426
9634
8762
6788
9472
9462
6767
9394
4267
9390
9228
5295
1895
5560
9060
9282
9340
9526
9334
5098
2044
9112
3517
2809
3617
8442
903
8808
2165
1798
8902
3456
2018
3989
4271
799
1994
154
9256
4328
9118
9082
1114
9170
3555
4223
1261
1833
9134
3464
9244
3033
3914
9500
3330
4315
6355
1871
9654
9086
9384
9574
9012
9444
4503
9488
5705
5442
9118
9332
9210
9180
6804
9118
9522
9514
9440
4557
1886
150
2950
1617
783
371
3932
3452
842
5137
362
703
154
6302
6471
2200
5207
3477
2822
2688
2477
1846
2925
3431
1814
5129
9242
6329
8984
2175
9262
3386
1896
9304
6363
5367
1823
8198
8862
1816
9496
9002
9004
5861
9448
9480
9320
9584
9390
9510
9560
9184
9436
9520
9590
9360
3488
5699
9474
9536
302
9076
4481
3850
337
5079
406
1985
4763
852
365
8874
2263
766
1805
5548
9162
3067
3017
2039
1774
8716
5144
4497
6178
8922
9134
8870
9058
5668
9036
9262
8928
4654
4472
3116
6767
8960
5615
4981
9092
9458
9710
6762
9418
9372
9346
8942
9404
9208
9356
9534
9568
9320
9048
9470
9542
9518
9412
9220
8920
2693
841
2931
807
1633
2350
1878
3415
304
3067
323
806
1799
4979
2647
4463
363
5533
5196
1841
3810
9242
6253
6907
4544
9206
9268
8954
8964
9104
6566
5756
4982
4563
9134
4276
2271
9342
9130
9494
2888
2040
5928
9268
9520
9136
9624
9178
9440
9506
9434
9442
9430
9584
4539
9420
9426
9538
9346
1725
5579
3047
2583
813
9146
5971
3433
6637
5566
793
9266
2646
1242
9336
5129
2154
1157
5730
800
2674
3576
8962
8854
5758
5912
6430
3303
8300
5030
1241
3147
6379
5706
6217
9262
2601
8650
3580
8374
9488
5226
6394
4775
9436
9356
5705
9212
2707
6200
9516
9334
9688
9412
9436
9560
9458
9526
9318
9318
1848
6991
3739
5151
1861
2756
2085
1752
2072
1575
1920
856
5762
799
5257
372
791
2221
5211
1882
9316
2225
8784
6621
8888
5624
9242
3668
4588
5201
9110
6387
5064
8996
9112
5407
9142
6688
9070
9090
9178
8258
9424
6576
3329
9606
3800
9482
9426
9362
9420
9522
9522
9520
8942
9448
9552
9386
9218
9298
5510
6967
793
5965
5487
5591
4286
1020
845
833
366
363
9064
155
3384
5448
311
1779
3008
1918
9086
8914
3719
3735
8936
6917
4613
9180
3097
8962
6670
1905
8968
8590
2726
9102
4527
9074
5235
1967
9614
9264
9036
5907
9234
9466
9170
9514
6407
9440
9402
9386
9656
9512
9446
6102
9454
9576
6373
9396
6598
5797
5569
1780
315
5458
910
9034
799
3097
2555
1792
1886
131
4385
875
3425
1662
5117
2095
4367
6404
9230
9338
3866
9252
1845
1790
9354
1926
1800
3046
9160
9050
3463
4357
3552
4206
8616
5046
9388
9600
4256
6253
9558
9504
9646
9598
9378
9488
9566
9348
9464
9412
9362
9268
9420
9378
8810
9392
4421
803
1792
1075
776
1729
4308
8910
369
5371
365
371
8804
857
363
2726
9012
2994
361
311
3818
6230
9260
4943
8970
6591
9246
1990
9110
8018
8998
4439
3707
2045
6390
9142
6637
2896
3040
8966
8986
9156
9542
9344
9308
9468
9230
9344
4981
9140
9550
9234
9490
9364
9038
9504
4354
9598
9326
5148
1952
9212
1752
1789
8938
2282
3040
1591
758
5348
3437
3635
6243
3549
872
827
2031
2759
852
785
3396
5790
5789
5741
6442
8038
2931
4271
1929
4368
3724
9294
9522
6768
2063
2050
3375
5957
3833
789
5144
9472
9068
7071
9412
9468
9544
9396
9412
9552
4411
9442
9362
5639
9158
9464
9498
9316
9434
7196
5145
6559
2990
3444
9044
1891
913
5769
2574
1729
6369
5972
8540
1066
367
795
2220
1011
8806
9060
3676
3510
4945
9036
8864
8994
5447
5511
8822
6229
5745
2571
3439
9072
5486
962
9180
8962
844
1773
9510
9426
5234
9314
9338
9320
9292
9480
9504
9562
9434
9552
9452
9012
9478
9536
9260
9498
9550
9566
1992
156
3513
9172
1006
4689
6794
9066
1109
2644
9188
861
730
8990
2600
5974
1834
870
2923
3066
6513
9222
4431
9160
5539
5882
9146
3514
5377
5352
9124
8920
2788
2891
3545
4320
9014
4434
2978
9328
9440
4440
9526
4374
9080
9020
8910
9574
3584
9402
9630
9592
9146
9328
9542
9450
9506
9338
9442
9144
2807
4512
5677
9298
6715
1838
3318
2901
1702
8780
807
355
9104
3013
1701
2935
2797
1805
4524
2083
3407
6586
6454
4489
9196
3494
6287
1755
9168
810
9294
6900
6498
8864
3754
9072
8988
3624
8948
1995
8668
9464
9268
9290
4227
9560
9354
9474
6565
5595
9506
9350
9480
9504
9534
5001
9224
9382
9440
9208
1853
1742
2224
2969
308
1908
799
5090
4410
6386
1764
2960
8920
1080
9188
1970
2079
2769
891
8706
5763
5871
6173
5285
3516
2150
5891
5364
9270
9078
8728
9086
2041
5014
3010
9148
9018
8940
4542
3155
9430
9526
6324
5819
9332
9428
9224
9420
9404
4511
9522
9202
9334
9194
9052
9582
996
9360
9248
9318
363
1730
9098
730
3081
6095
4699
847
362
4619
4417
2658
1602
2808
1716
357
887
8990
5380
2092
4874
4732
2019
8968
9052
3525
8866
4494
9016
9070
8892
3661
6248
9060
5069
9032
9178
8796
9334
9194
9350
9496
9420
9036
9102
9506
9560
9300
8594
9540
9014
9164
9654
9186
2317
9224
9402
9646
9560
9514
9044
896
5907
1036
361
2005
769
9114
3573
3032
375
9096
2792
4042
1001
1685
153
9034
1047
1858
9498
6240
5562
9044
735
9100
9224
4502
9186
8980
5315
5820
9038
2195
9392
9118
8932
9084
9174
5358
9264
3714
9098
4992
9584
9298
9488
5211
9110
9452
9618
9042
9630
9188
9552
9402
9250
9440
9498
9528